instance,tier,architecture_unit,semantic_group,weight
_3779_,tier1,generated_control,infrastructure,5
_3783_,tier1,generated_control,infrastructure,5
_3784_,tier1,generated_control,infrastructure,4
_3786_,tier1,generated_control,infrastructure,4
_3789_,tier1,generated_control,infrastructure,6
_3793_,tier0,generated_datapath,infrastructure,5
_3794_,tier1,generated_control,infrastructure,4
_3796_,tier1,generated_control,infrastructure,6
_3797_,tier1,generated_control,infrastructure,4
_3798_,tier0,generated_control,infrastructure,4
_3803_,tier0,generated_control,infrastructure,8
_3806_,tier0,generated_control,infrastructure,8
_3810_,tier0,generated_control,infrastructure,4
_3811_,tier0,generated_datapath,infrastructure,5
_3812_,tier0,generated_datapath,infrastructure,7
_3813_,tier0,generated_control,infrastructure,4
_3816_,tier0,generated_control,infrastructure,5
_3818_,tier0,clock_reset,control,3
_3820_,tier0,generated_datapath,infrastructure,5
_3822_,tier1,generated_control,infrastructure,4
_3823_,tier0,generated_datapath,infrastructure,5
_3824_,tier0,generated_datapath,infrastructure,7
_3826_,tier0,generated_control,infrastructure,3
_3827_,tier1,generated_datapath,infrastructure,5
_3828_,tier0,generated_datapath,infrastructure,6
_3829_,tier1,generated_control,infrastructure,5
_3830_,tier0,generated_datapath,infrastructure,5
_3831_,tier0,generated_control,infrastructure,4
_3832_,tier0,generated_datapath,infrastructure,6
_3833_,tier0,generated_control,infrastructure,5
_3834_,tier1,generated_control,infrastructure,4
_3836_,tier0,generated_datapath,infrastructure,7
_3838_,tier0,generated_control,infrastructure,4
_3839_,tier0,generated_datapath,infrastructure,5
_3840_,tier0,generated_control,infrastructure,4
_3841_,tier0,generated_control,infrastructure,4
_3842_,tier0,generated_control,infrastructure,6
_3843_,tier0,generated_control,infrastructure,5
_3844_,tier0,generated_control,infrastructure,5
_3845_,tier0,generated_datapath,infrastructure,7
_3846_,tier0,generated_datapath,infrastructure,6
_3848_,tier0,generated_control,infrastructure,5
_3849_,tier0,generated_datapath,infrastructure,7
_3850_,tier0,generated_control,infrastructure,4
_3851_,tier0,generated_datapath,infrastructure,5
_3852_,tier0,generated_control,infrastructure,5
_3854_,tier0,generated_control,infrastructure,8
_3855_,tier0,generated_control,infrastructure,4
_3856_,tier0,unclassified,infrastructure,6
_3857_,tier0,generated_control,infrastructure,5
_3858_,tier0,generated_datapath,infrastructure,5
_3859_,tier0,generated_control,infrastructure,4
_3860_,tier0,generated_datapath,infrastructure,7
_3861_,tier0,generated_datapath,infrastructure,5
_3862_,tier1,generated_control,infrastructure,4
_3863_,tier0,generated_datapath,infrastructure,6
_3864_,tier0,generated_control,infrastructure,6
_3868_,tier1,generated_control,infrastructure,4
_3872_,tier1,generated_control,infrastructure,4
_3873_,tier1,generated_datapath,infrastructure,5
_3875_,tier1,generated_control,infrastructure,4
_3882_,tier0,generated_control,infrastructure,5
_3883_,tier0,generated_control,infrastructure,5
_3884_,tier1,generated_control,infrastructure,4
_3887_,tier0,generated_control,infrastructure,3
_3890_,tier0,generated_datapath,infrastructure,7
_3899_,tier0,generated_control,infrastructure,8
_3901_,tier0,generated_control,infrastructure,5
_3902_,tier0,generated_control,infrastructure,5
_3907_,tier0,generated_datapath,infrastructure,7
_3912_,tier0,generated_control,infrastructure,8
_3913_,tier0,generated_datapath,infrastructure,6
_3918_,tier0,generated_datapath,infrastructure,5
_3920_,tier0,generated_control,infrastructure,5
_3921_,tier0,generated_control,infrastructure,5
_3927_,tier0,generated_datapath,infrastructure,7
_3935_,tier0,generated_control,infrastructure,8
_3939_,tier0,generated_control,infrastructure,5
_3940_,tier0,generated_control,infrastructure,5
_3943_,tier0,generated_datapath,infrastructure,7
_3945_,tier0,generated_control,infrastructure,8
_3948_,tier0,generated_datapath,infrastructure,7
_3951_,tier0,generated_datapath,infrastructure,5
_3952_,tier0,unclassified,infrastructure,7
_3953_,tier1,generated_datapath,infrastructure,5
_3957_,tier1,generated_control,infrastructure,8
_3959_,tier1,generated_control,infrastructure,8
_3960_,tier1,generated_control,infrastructure,8
_3965_,tier1,generated_control,infrastructure,8
_3966_,tier1,generated_control,infrastructure,8
_3969_,tier1,generated_control,infrastructure,8
_3972_,tier1,generated_control,infrastructure,8
_3973_,tier1,generated_control,infrastructure,8
_3974_,tier1,generated_control,infrastructure,8
_3976_,tier1,generated_control,infrastructure,8
_3977_,tier1,generated_datapath,infrastructure,6
_3978_,tier1,generated_control,infrastructure,3
_3987_,tier1,generated_control,infrastructure,5
_3999_,tier1,generated_datapath,infrastructure,7
_4003_,tier1,generated_datapath,infrastructure,6
_4007_,tier1,generated_control,infrastructure,4
_4013_,tier1,generated_control,infrastructure,5
_4019_,tier1,generated_datapath,infrastructure,7
_4021_,tier1,generated_datapath,infrastructure,5
_4027_,tier1,generated_control,infrastructure,5
_4030_,tier1,generated_datapath,infrastructure,7
_4033_,tier1,generated_datapath,infrastructure,6
_4040_,tier1,generated_control,infrastructure,5
_4044_,tier1,generated_datapath,infrastructure,7
_4045_,tier1,generated_control,infrastructure,4
_4046_,tier1,generated_datapath,infrastructure,5
_4047_,tier1,generated_control,infrastructure,5
_4048_,tier0,generated_datapath,infrastructure,5
_4054_,tier1,generated_control,infrastructure,4
_4058_,tier1,unclassified,infrastructure,6
_4059_,tier1,generated_control,infrastructure,5
_4060_,tier1,generated_control,infrastructure,4
_4061_,tier1,unclassified,infrastructure,6
_4064_,tier1,generated_control,infrastructure,5
_4071_,tier1,generated_control,infrastructure,8
_4072_,tier0,generated_datapath,infrastructure,5
_4077_,tier1,generated_control,infrastructure,8
_4080_,tier1,generated_datapath,infrastructure,5
_4086_,tier1,generated_control,infrastructure,4
_4090_,tier1,unclassified,infrastructure,6
_4092_,tier1,generated_control,infrastructure,5
_4094_,tier1,generated_datapath,infrastructure,5
_4096_,tier1,generated_control,infrastructure,4
_4097_,tier1,generated_datapath,infrastructure,7
_4098_,tier1,generated_datapath,infrastructure,6
_4099_,tier1,generated_datapath,infrastructure,6
_4100_,tier1,generated_datapath,infrastructure,6
_4102_,tier0,generated_control,infrastructure,3
_4105_,tier0,generated_control,infrastructure,4
_4108_,tier0,generated_control,infrastructure,5
_4109_,tier0,generated_datapath,infrastructure,5
_4111_,tier0,generated_control,infrastructure,5
_4112_,tier0,generated_datapath,infrastructure,6
_4114_,tier0,generated_control,infrastructure,8
_4115_,tier0,generated_datapath,infrastructure,5
_4116_,tier0,generated_datapath,infrastructure,5
_4119_,tier0,generated_control,infrastructure,8
_4121_,tier0,generated_control,infrastructure,4
_4124_,tier0,generated_control,infrastructure,5
_4126_,tier0,generated_datapath,infrastructure,5
_4132_,tier0,generated_control,infrastructure,5
_4133_,tier0,generated_datapath,infrastructure,5
_4134_,tier0,generated_control,infrastructure,4
_4135_,tier0,generated_datapath,infrastructure,5
_4136_,tier0,generated_datapath,infrastructure,7
_4137_,tier0,generated_control,infrastructure,5
_4138_,tier0,generated_datapath,infrastructure,5
_4139_,tier0,generated_datapath,infrastructure,7
_4142_,tier0,generated_control,infrastructure,5
_4143_,tier0,generated_datapath,infrastructure,5
_4147_,tier0,generated_datapath,infrastructure,7
_4150_,tier0,generated_datapath,infrastructure,5
_4151_,tier0,generated_control,infrastructure,5
_4152_,tier0,generated_datapath,infrastructure,5
_4153_,tier0,generated_datapath,infrastructure,7
_4157_,tier0,generated_control,infrastructure,5
_4158_,tier0,generated_datapath,infrastructure,7
_4160_,tier0,unclassified,infrastructure,6
_4161_,tier0,generated_datapath,infrastructure,5
_4162_,tier0,generated_datapath,infrastructure,6
_4164_,tier0,generated_datapath,infrastructure,6
_4165_,tier0,generated_control,infrastructure,5
_4166_,tier0,generated_control,infrastructure,5
_4167_,tier0,generated_control,infrastructure,5
_4168_,tier0,generated_datapath,infrastructure,7
_4169_,tier0,generated_control,infrastructure,8
_4170_,tier0,generated_control,infrastructure,5
_4171_,tier0,generated_control,infrastructure,5
_4172_,tier0,generated_datapath,infrastructure,7
_4175_,tier0,generated_control,infrastructure,8
_4176_,tier0,generated_datapath,infrastructure,6
_4177_,tier0,generated_datapath,infrastructure,5
_4179_,tier0,generated_control,infrastructure,8
_4180_,tier0,generated_control,infrastructure,8
_4181_,tier1,generated_control,infrastructure,3
_4183_,tier0,generated_control,infrastructure,5
_4184_,tier0,generated_control,infrastructure,8
_4186_,tier0,generated_control,infrastructure,5
_4187_,tier0,generated_control,infrastructure,5
_4188_,tier0,generated_datapath,infrastructure,7
_4189_,tier0,generated_datapath,infrastructure,5
_4190_,tier1,generated_control,infrastructure,3
_4191_,tier0,generated_datapath,infrastructure,6
_4192_,tier0,unclassified,infrastructure,6
_4195_,tier0,generated_control,infrastructure,4
_4196_,tier0,generated_control,infrastructure,8
_4197_,tier0,generated_control,infrastructure,4
_4198_,tier0,generated_control,infrastructure,5
_4199_,tier0,generated_control,infrastructure,4
_4204_,tier0,unclassified,infrastructure,6
_4205_,tier1,generated_control,infrastructure,4
_4206_,tier0,generated_datapath,infrastructure,7
_4207_,tier0,generated_datapath,infrastructure,5
_4208_,tier0,generated_control,infrastructure,5
_4211_,tier0,generated_datapath,infrastructure,7
_4212_,tier0,generated_datapath,infrastructure,6
_4214_,tier0,generated_control,infrastructure,5
_4215_,tier0,generated_datapath,infrastructure,7
_4216_,tier0,generated_control,infrastructure,4
_4217_,tier0,generated_datapath,infrastructure,5
_4218_,tier0,generated_control,infrastructure,5
_4220_,tier0,generated_datapath,infrastructure,5
_4221_,tier0,generated_datapath,infrastructure,7
_4223_,tier0,generated_control,infrastructure,5
_4225_,tier0,generated_datapath,infrastructure,5
_4226_,tier0,generated_datapath,infrastructure,7
_4227_,tier0,generated_datapath,infrastructure,6
_4228_,tier0,generated_control,infrastructure,8
_4229_,tier0,generated_control,infrastructure,4
_4234_,tier0,generated_datapath,infrastructure,6
_4235_,tier0,generated_datapath,infrastructure,5
_4236_,tier0,generated_control,infrastructure,5
_4239_,tier0,generated_datapath,infrastructure,5
_4240_,tier0,generated_control,infrastructure,5
_4241_,tier0,generated_datapath,infrastructure,5
_4242_,tier0,generated_datapath,infrastructure,7
_4243_,tier0,unclassified,infrastructure,7
_4245_,tier0,generated_control,infrastructure,8
_4246_,tier0,generated_control,infrastructure,4
_4247_,tier0,generated_control,infrastructure,8
_4248_,tier0,generated_control,infrastructure,4
_4249_,tier0,generated_control,infrastructure,5
_4250_,tier0,generated_control,infrastructure,8
_4251_,tier0,generated_control,infrastructure,4
_4252_,tier0,generated_control,infrastructure,8
_4253_,tier0,generated_control,infrastructure,4
_4254_,tier0,generated_control,infrastructure,5
_4256_,tier0,generated_control,infrastructure,8
_4259_,tier0,generated_control,infrastructure,8
_4260_,tier0,generated_control,infrastructure,8
_4261_,tier0,generated_control,infrastructure,8
_4263_,tier0,generated_control,infrastructure,8
_4264_,tier0,unclassified,infrastructure,7
_4265_,tier1,generated_datapath,infrastructure,5
_4266_,tier1,generated_datapath,infrastructure,5
_4267_,tier1,generated_datapath,infrastructure,5
_4268_,tier1,execute_alu,datapath,3
_4269_,tier1,generated_control,infrastructure,4
_4270_,tier1,generated_control,infrastructure,8
_4271_,tier1,generated_control,infrastructure,8
_4272_,tier1,generated_control,infrastructure,8
_4273_,tier1,generated_control,infrastructure,8
_4274_,tier1,generated_control,infrastructure,8
_4276_,tier1,generated_control,infrastructure,8
_4277_,tier1,generated_control,infrastructure,8
_4278_,tier1,generated_control,infrastructure,8
_4279_,tier1,generated_control,infrastructure,8
_4280_,tier1,generated_control,infrastructure,8
_4281_,tier1,generated_datapath,infrastructure,6
_4282_,tier1,generated_control,infrastructure,3
_4283_,tier1,generated_control,infrastructure,5
_4285_,tier1,generated_datapath,infrastructure,7
_4286_,tier1,generated_datapath,infrastructure,6
_4287_,tier1,generated_control,infrastructure,4
_4289_,tier1,generated_control,infrastructure,5
_4290_,tier1,generated_datapath,infrastructure,7
_4291_,tier1,generated_datapath,infrastructure,5
_4292_,tier1,generated_control,infrastructure,5
_4294_,tier1,generated_datapath,infrastructure,7
_4295_,tier1,generated_datapath,infrastructure,6
_4296_,tier1,generated_control,infrastructure,5
_4298_,tier1,generated_datapath,infrastructure,7
_4299_,tier1,generated_control,infrastructure,4
_4300_,tier1,generated_datapath,infrastructure,5
_4301_,tier1,generated_control,infrastructure,5
_4302_,tier1,generated_control,infrastructure,4
_4303_,tier1,unclassified,infrastructure,6
_4304_,tier1,generated_control,infrastructure,5
_4305_,tier1,generated_control,infrastructure,4
_4306_,tier1,unclassified,infrastructure,6
_4307_,tier1,generated_control,infrastructure,5
_4308_,tier1,generated_control,infrastructure,8
_4310_,tier1,generated_control,infrastructure,8
_4311_,tier1,generated_datapath,infrastructure,5
_4313_,tier1,generated_control,infrastructure,4
_4314_,tier1,unclassified,infrastructure,6
_4315_,tier1,generated_control,infrastructure,5
_4316_,tier1,generated_datapath,infrastructure,5
_4317_,tier1,generated_control,infrastructure,4
_4318_,tier1,generated_datapath,infrastructure,7
_4319_,tier1,generated_datapath,infrastructure,6
_4320_,tier1,generated_datapath,infrastructure,6
_4322_,tier1,generated_control,infrastructure,5
_4323_,tier1,generated_datapath,infrastructure,7
_4324_,tier1,generated_datapath,infrastructure,6
_4325_,tier1,generated_control,infrastructure,5
_4326_,tier1,generated_datapath,infrastructure,5
_4327_,tier1,generated_datapath,infrastructure,7
_4328_,tier1,generated_control,infrastructure,4
_4329_,tier1,unclassified,infrastructure,6
_4330_,tier1,generated_control,infrastructure,5
_4331_,tier1,generated_datapath,infrastructure,5
_4332_,tier1,generated_control,infrastructure,4
_4333_,tier1,generated_datapath,infrastructure,7
_4334_,tier1,generated_control,infrastructure,5
_4335_,tier1,generated_control,infrastructure,4
_4336_,tier1,generated_datapath,infrastructure,7
_4337_,tier0,generated_control,infrastructure,4
_4338_,tier1,unclassified,infrastructure,6
_4339_,tier1,generated_control,infrastructure,5
_4340_,tier1,generated_control,infrastructure,4
_4341_,tier1,generated_datapath,infrastructure,7
_4342_,tier1,generated_control,infrastructure,5
_4343_,tier1,generated_datapath,infrastructure,7
_4344_,tier1,generated_datapath,infrastructure,6
_4345_,tier1,unclassified,infrastructure,6
_4346_,tier1,generated_datapath,infrastructure,6
_4347_,tier1,generated_control,infrastructure,4
_4348_,tier1,generated_control,infrastructure,8
_4349_,tier1,generated_control,infrastructure,5
_4350_,tier1,generated_control,infrastructure,4
_4351_,tier1,unclassified,infrastructure,6
_4352_,tier1,generated_datapath,infrastructure,7
_4353_,tier1,generated_datapath,infrastructure,5
_4354_,tier1,unclassified,infrastructure,7
_4355_,tier1,generated_control,infrastructure,8
_4356_,tier1,generated_control,infrastructure,4
_4357_,tier1,generated_control,infrastructure,4
_4358_,tier1,generated_control,infrastructure,8
_4359_,tier1,generated_datapath,infrastructure,6
_4360_,tier1,generated_control,infrastructure,8
_4361_,tier1,generated_control,infrastructure,4
_4362_,tier1,generated_control,infrastructure,4
_4363_,tier1,generated_control,infrastructure,8
_4364_,tier1,generated_datapath,infrastructure,6
_4365_,tier1,generated_control,infrastructure,5
_4366_,tier1,generated_control,infrastructure,8
_4367_,tier1,generated_control,infrastructure,8
_4368_,tier1,generated_control,infrastructure,5
_4369_,tier1,generated_control,infrastructure,8
_4370_,tier1,generated_control,infrastructure,8
_4371_,tier1,generated_control,infrastructure,5
_4372_,tier1,generated_datapath,infrastructure,7
_4373_,tier1,generated_control,infrastructure,4
_4374_,tier1,generated_control,infrastructure,3
_4375_,tier1,generated_control,infrastructure,4
_4376_,tier1,unclassified,infrastructure,6
_4377_,tier1,generated_control,infrastructure,5
_4378_,tier1,generated_control,infrastructure,4
_4379_,tier1,unclassified,infrastructure,6
_4380_,tier1,generated_control,infrastructure,5
_4381_,tier1,generated_control,infrastructure,8
_4382_,tier1,generated_control,infrastructure,4
_4383_,tier1,generated_control,infrastructure,5
_4384_,tier1,generated_datapath,infrastructure,7
_4385_,tier1,generated_datapath,infrastructure,6
_4386_,tier1,generated_control,infrastructure,5
_4387_,tier1,generated_datapath,infrastructure,5
_4388_,tier1,generated_datapath,infrastructure,7
_4389_,tier1,generated_control,infrastructure,5
_4390_,tier1,generated_datapath,infrastructure,5
_4391_,tier1,generated_datapath,infrastructure,7
_4392_,tier1,generated_control,infrastructure,5
_4393_,tier1,generated_datapath,infrastructure,5
_4394_,tier1,generated_datapath,infrastructure,7
_4395_,tier1,generated_datapath,infrastructure,6
_4396_,tier1,generated_control,infrastructure,4
_4397_,tier1,generated_datapath,infrastructure,6
_4398_,tier1,generated_datapath,infrastructure,5
_4400_,tier1,generated_control,infrastructure,5
_4401_,tier1,generated_datapath,infrastructure,5
_4402_,tier1,generated_control,infrastructure,5
_4403_,tier1,generated_datapath,infrastructure,5
_4404_,tier1,generated_control,infrastructure,5
_4405_,tier1,generated_control,infrastructure,4
_4406_,tier1,generated_control,infrastructure,4
_4407_,tier1,generated_datapath,infrastructure,7
_4408_,tier1,generated_datapath,infrastructure,7
_4409_,tier1,unclassified,infrastructure,7
_4410_,tier1,generated_control,infrastructure,5
_4411_,tier1,generated_control,infrastructure,8
_4412_,tier1,generated_control,infrastructure,8
_4413_,tier1,generated_control,infrastructure,5
_4416_,tier1,generated_control,infrastructure,8
_4417_,tier1,generated_control,infrastructure,8
_4418_,tier1,generated_control,infrastructure,5
_4419_,tier1,generated_datapath,infrastructure,6
_4420_,tier1,generated_control,infrastructure,8
_4421_,tier1,generated_control,infrastructure,8
_4422_,tier1,generated_datapath,infrastructure,6
_4423_,tier1,generated_control,infrastructure,8
_4424_,tier1,generated_control,infrastructure,8
_4425_,tier1,generated_datapath,infrastructure,6
_4426_,tier1,generated_control,infrastructure,5
_4427_,tier1,generated_datapath,infrastructure,5
_4428_,tier1,generated_datapath,infrastructure,5
_4429_,tier1,generated_datapath,infrastructure,5
_4430_,tier0,generated_control,infrastructure,8
_4431_,tier0,generated_control,infrastructure,8
_4432_,tier0,generated_control,infrastructure,8
_4433_,tier0,generated_control,infrastructure,8
_4434_,tier0,generated_control,infrastructure,8
_4436_,tier0,generated_control,infrastructure,8
_4437_,tier0,generated_control,infrastructure,8
_4438_,tier0,generated_control,infrastructure,8
_4439_,tier0,generated_control,infrastructure,8
_4440_,tier0,generated_control,infrastructure,8
_4441_,tier0,generated_datapath,infrastructure,6
_4442_,tier0,generated_control,infrastructure,5
_4443_,tier0,generated_datapath,infrastructure,7
_4444_,tier0,generated_datapath,infrastructure,6
_4445_,tier0,generated_control,infrastructure,4
_4446_,tier0,generated_control,infrastructure,5
_4447_,tier0,generated_datapath,infrastructure,7
_4448_,tier0,generated_datapath,infrastructure,5
_4449_,tier0,generated_control,infrastructure,5
_4450_,tier0,generated_datapath,infrastructure,7
_4451_,tier0,generated_datapath,infrastructure,6
_4452_,tier0,generated_control,infrastructure,5
_4453_,tier0,generated_datapath,infrastructure,7
_4454_,tier0,generated_control,infrastructure,4
_4455_,tier0,generated_datapath,infrastructure,5
_4456_,tier0,generated_control,infrastructure,5
_4457_,tier0,generated_control,infrastructure,4
_4458_,tier0,unclassified,infrastructure,6
_4459_,tier0,generated_control,infrastructure,5
_4460_,tier0,generated_control,infrastructure,4
_4461_,tier0,unclassified,infrastructure,6
_4462_,tier0,generated_control,infrastructure,5
_4463_,tier0,generated_control,infrastructure,8
_4464_,tier0,generated_control,infrastructure,8
_4465_,tier0,generated_datapath,infrastructure,5
_4468_,tier0,generated_control,infrastructure,4
_4469_,tier0,unclassified,infrastructure,6
_4470_,tier0,generated_control,infrastructure,5
_4471_,tier0,generated_datapath,infrastructure,5
_4472_,tier0,generated_control,infrastructure,4
_4473_,tier0,generated_datapath,infrastructure,7
_4474_,tier0,generated_datapath,infrastructure,6
_4475_,tier0,generated_datapath,infrastructure,6
_4477_,tier1,generated_control,infrastructure,4
_4478_,tier1,generated_control,infrastructure,4
_4479_,tier1,generated_datapath,infrastructure,5
_4480_,tier1,unclassified,infrastructure,6
_4481_,tier1,generated_control,infrastructure,4
_4483_,tier1,generated_control,infrastructure,3
_4485_,tier1,unclassified,infrastructure,6
_4486_,tier1,generated_datapath,infrastructure,5
_4487_,tier1,unclassified,infrastructure,6
_4488_,tier1,generated_datapath,infrastructure,5
_4489_,tier1,unclassified,infrastructure,6
_4490_,tier1,generated_control,infrastructure,4
_4491_,tier1,unclassified,infrastructure,6
_4492_,tier1,generated_control,infrastructure,5
_4493_,tier1,generated_control,infrastructure,4
_4494_,tier1,unclassified,infrastructure,6
_4496_,tier1,generated_control,infrastructure,5
_4498_,tier1,generated_control,infrastructure,8
_4499_,tier1,generated_control,infrastructure,4
_4500_,tier1,generated_control,infrastructure,4
_4501_,tier1,unclassified,infrastructure,6
_4502_,tier1,generated_control,infrastructure,5
_4503_,tier1,generated_datapath,infrastructure,5
_4504_,tier1,generated_control,infrastructure,4
_4505_,tier1,generated_datapath,infrastructure,7
_4506_,tier1,generated_control,infrastructure,5
_4507_,tier1,generated_control,infrastructure,4
_4508_,tier1,generated_datapath,infrastructure,7
_4509_,tier1,generated_control,infrastructure,5
_4510_,tier1,generated_control,infrastructure,5
_4511_,tier1,generated_datapath,infrastructure,7
_4512_,tier1,generated_datapath,infrastructure,6
_4513_,tier1,generated_control,infrastructure,4
_4514_,tier1,generated_control,infrastructure,5
_4515_,tier1,generated_datapath,infrastructure,7
_4516_,tier1,generated_datapath,infrastructure,5
_4517_,tier1,unclassified,infrastructure,7
_4518_,tier1,generated_control,infrastructure,5
_4519_,tier1,generated_datapath,infrastructure,7
_4520_,tier1,generated_datapath,infrastructure,6
_4521_,tier1,generated_control,infrastructure,5
_4522_,tier1,generated_datapath,infrastructure,5
_4523_,tier1,generated_datapath,infrastructure,5
_4524_,tier1,generated_datapath,infrastructure,6
_4525_,tier1,generated_control,infrastructure,5
_4526_,tier1,generated_control,infrastructure,5
_4528_,tier1,generated_control,infrastructure,5
_4529_,tier1,generated_control,infrastructure,5
_4530_,tier1,generated_datapath,infrastructure,7
_4532_,tier1,generated_control,infrastructure,8
_4533_,tier1,generated_control,infrastructure,5
_4534_,tier1,generated_control,infrastructure,5
_4535_,tier1,generated_datapath,infrastructure,7
_4536_,tier1,generated_control,infrastructure,8
_4537_,tier1,generated_datapath,infrastructure,6
_4538_,tier1,generated_datapath,infrastructure,5
_4539_,tier1,generated_control,infrastructure,5
_4540_,tier1,generated_control,infrastructure,5
_4541_,tier1,generated_datapath,infrastructure,7
_4542_,tier1,generated_control,infrastructure,8
_4543_,tier1,generated_control,infrastructure,5
_4544_,tier1,generated_control,infrastructure,5
_4545_,tier1,generated_datapath,infrastructure,7
_4546_,tier1,generated_control,infrastructure,8
_4547_,tier1,generated_datapath,infrastructure,7
_4548_,tier1,generated_datapath,infrastructure,5
_4549_,tier1,unclassified,infrastructure,7
_4550_,tier1,generated_control,infrastructure,4
_4551_,tier0,generated_control,infrastructure,5
_4552_,tier0,generated_datapath,infrastructure,7
_4553_,tier0,generated_datapath,infrastructure,6
_4554_,tier0,generated_control,infrastructure,5
_4555_,tier0,generated_datapath,infrastructure,5
_4556_,tier0,generated_datapath,infrastructure,5
_4557_,tier0,generated_control,infrastructure,4
_4558_,tier0,generated_datapath,infrastructure,5
_4559_,tier0,generated_control,infrastructure,5
_4560_,tier0,generated_control,infrastructure,5
_4561_,tier0,generated_datapath,infrastructure,7
_4562_,tier0,generated_datapath,infrastructure,6
_4563_,tier0,generated_control,infrastructure,5
_4564_,tier0,generated_datapath,infrastructure,5
_4565_,tier0,generated_datapath,infrastructure,7
_4566_,tier0,generated_control,infrastructure,4
_4567_,tier0,unclassified,infrastructure,6
_4568_,tier0,generated_control,infrastructure,5
_4569_,tier0,generated_datapath,infrastructure,5
_4570_,tier0,generated_control,infrastructure,4
_4571_,tier0,generated_datapath,infrastructure,7
_4572_,tier0,generated_control,infrastructure,5
_4573_,tier0,generated_datapath,infrastructure,5
_4574_,tier0,generated_datapath,infrastructure,7
_4576_,tier0,generated_datapath,infrastructure,5
_4577_,tier0,unclassified,infrastructure,7
_4578_,tier0,generated_control,infrastructure,5
_4579_,tier0,generated_datapath,infrastructure,5
_4580_,tier0,generated_control,infrastructure,5
_4581_,tier0,generated_datapath,infrastructure,6
_4582_,tier0,generated_control,infrastructure,5
_4583_,tier0,generated_control,infrastructure,4
_4584_,tier0,unclassified,infrastructure,6
_4585_,tier0,generated_datapath,infrastructure,7
_4586_,tier0,generated_datapath,infrastructure,5
_4587_,tier0,generated_control,infrastructure,5
_4588_,tier0,generated_control,infrastructure,5
_4589_,tier0,generated_control,infrastructure,5
_4590_,tier0,generated_datapath,infrastructure,7
_4591_,tier0,generated_control,infrastructure,8
_4592_,tier0,generated_control,infrastructure,5
_4593_,tier0,generated_control,infrastructure,5
_4594_,tier0,generated_datapath,infrastructure,7
_4595_,tier0,generated_control,infrastructure,8
_4596_,tier0,generated_datapath,infrastructure,6
_4597_,tier0,generated_datapath,infrastructure,5
_4598_,tier0,generated_control,infrastructure,5
_4599_,tier0,generated_control,infrastructure,5
_4600_,tier0,generated_datapath,infrastructure,7
_4601_,tier0,generated_control,infrastructure,8
_4603_,tier0,generated_control,infrastructure,5
_4604_,tier0,generated_control,infrastructure,5
_4605_,tier0,generated_datapath,infrastructure,7
_4606_,tier0,generated_control,infrastructure,8
_4607_,tier0,generated_datapath,infrastructure,7
_4608_,tier0,generated_datapath,infrastructure,5
_4609_,tier0,unclassified,infrastructure,7
_4610_,tier1,generated_control,infrastructure,4
_4611_,tier1,generated_control,infrastructure,8
_4612_,tier1,generated_control,infrastructure,4
_4613_,tier1,generated_control,infrastructure,8
_4614_,tier1,generated_datapath,infrastructure,6
_4615_,tier1,generated_control,infrastructure,4
_4616_,tier1,unclassified,infrastructure,6
_4617_,tier1,generated_control,infrastructure,5
_4618_,tier1,generated_datapath,infrastructure,5
_4620_,tier1,generated_control,infrastructure,4
_4621_,tier1,generated_datapath,infrastructure,7
_4622_,tier1,generated_control,infrastructure,5
_4623_,tier1,generated_datapath,infrastructure,5
_4624_,tier1,generated_datapath,infrastructure,7
_4625_,tier1,generated_datapath,infrastructure,5
_4626_,tier1,generated_control,infrastructure,5
_4627_,tier1,generated_datapath,infrastructure,5
_4628_,tier1,generated_datapath,infrastructure,7
_4629_,tier1,generated_control,infrastructure,5
_4631_,tier1,generated_datapath,infrastructure,5
_4632_,tier1,generated_datapath,infrastructure,7
_4633_,tier1,generated_datapath,infrastructure,5
_4634_,tier1,generated_datapath,infrastructure,6
_4635_,tier1,generated_control,infrastructure,5
_4636_,tier1,generated_datapath,infrastructure,5
_4637_,tier1,generated_datapath,infrastructure,5
_4638_,tier1,generated_control,infrastructure,4
_4639_,tier1,generated_datapath,infrastructure,5
_4640_,tier1,generated_control,infrastructure,5
_4641_,tier1,generated_datapath,infrastructure,7
_4642_,tier1,generated_datapath,infrastructure,6
_4643_,tier1,generated_control,infrastructure,5
_4644_,tier1,generated_datapath,infrastructure,6
_4646_,tier1,execute_alu,datapath,3
_4648_,tier1,generated_control,infrastructure,5
_4649_,tier1,generated_control,infrastructure,5
_4651_,tier1,generated_datapath,infrastructure,7
_4653_,tier1,generated_control,infrastructure,8
_4654_,tier1,generated_datapath,infrastructure,5
_4655_,tier1,generated_control,infrastructure,5
_4657_,tier1,generated_control,infrastructure,4
_4658_,tier1,generated_control,infrastructure,5
_4659_,tier1,generated_datapath,infrastructure,5
_4660_,tier1,generated_datapath,infrastructure,5
_4661_,tier1,generated_control,infrastructure,4
_4662_,tier1,generated_control,infrastructure,4
_4663_,tier1,generated_control,infrastructure,5
_4664_,tier1,generated_datapath,infrastructure,5
_4665_,tier1,generated_control,infrastructure,5
_4666_,tier1,generated_control,infrastructure,4
_4667_,tier1,generated_datapath,infrastructure,5
_4668_,tier1,generated_control,infrastructure,4
_4669_,tier1,generated_control,infrastructure,5
_4670_,tier1,generated_datapath,infrastructure,5
_4672_,tier1,generated_control,infrastructure,5
_4673_,tier1,generated_control,infrastructure,4
_4674_,tier1,generated_control,infrastructure,5
_4675_,tier1,generated_control,infrastructure,5
_4676_,tier1,generated_datapath,infrastructure,7
_4677_,tier1,generated_datapath,infrastructure,5
_4678_,tier1,generated_control,infrastructure,8
_4679_,tier1,generated_control,infrastructure,5
_4680_,tier1,generated_control,infrastructure,5
_4681_,tier1,generated_datapath,infrastructure,5
_4682_,tier1,generated_control,infrastructure,4
_4683_,tier1,generated_datapath,infrastructure,5
_4684_,tier1,generated_datapath,infrastructure,7
_4685_,tier1,generated_datapath,infrastructure,5
_4686_,tier1,unclassified,infrastructure,6
_4687_,tier1,generated_control,infrastructure,4
_4688_,tier1,generated_control,infrastructure,5
_4689_,tier1,generated_control,infrastructure,5
_4690_,tier1,generated_datapath,infrastructure,6
_4691_,tier1,generated_control,infrastructure,8
_4692_,tier1,generated_control,infrastructure,5
_4693_,tier1,generated_control,infrastructure,5
_4694_,tier1,generated_datapath,infrastructure,7
_4695_,tier1,generated_control,infrastructure,8
_4696_,tier1,unclassified,infrastructure,7
_4697_,tier1,generated_datapath,infrastructure,5
_4698_,tier1,generated_control,infrastructure,4
_4699_,tier1,generated_control,infrastructure,5
_4700_,tier1,generated_control,infrastructure,5
_4701_,tier1,generated_datapath,infrastructure,7
_4702_,tier1,generated_control,infrastructure,8
_4703_,tier1,generated_control,infrastructure,5
_4704_,tier1,generated_control,infrastructure,5
_4705_,tier1,generated_datapath,infrastructure,7
_4706_,tier1,generated_control,infrastructure,8
_4707_,tier1,generated_datapath,infrastructure,7
_4708_,tier1,generated_datapath,infrastructure,5
_4709_,tier1,unclassified,infrastructure,7
_4710_,tier1,generated_control,infrastructure,4
_4711_,tier1,unclassified,infrastructure,6
_4712_,tier1,generated_control,infrastructure,5
_4713_,tier1,generated_datapath,infrastructure,5
_4714_,tier1,generated_control,infrastructure,4
_4715_,tier1,generated_datapath,infrastructure,7
_4716_,tier1,generated_control,infrastructure,5
_4717_,tier1,generated_datapath,infrastructure,5
_4718_,tier1,generated_datapath,infrastructure,7
_4719_,tier1,generated_datapath,infrastructure,5
_4720_,tier1,generated_control,infrastructure,5
_4721_,tier1,generated_datapath,infrastructure,5
_4722_,tier1,generated_datapath,infrastructure,7
_4723_,tier1,generated_control,infrastructure,5
_4724_,tier1,generated_datapath,infrastructure,5
_4725_,tier1,generated_datapath,infrastructure,7
_4726_,tier1,generated_datapath,infrastructure,5
_4727_,tier1,generated_datapath,infrastructure,6
_4728_,tier1,generated_control,infrastructure,8
_4730_,tier1,generated_datapath,infrastructure,5
_4731_,tier1,generated_control,infrastructure,8
_4732_,tier1,generated_datapath,infrastructure,6
_4733_,tier1,generated_control,infrastructure,5
_4734_,tier1,generated_datapath,infrastructure,5
_4735_,tier1,generated_datapath,infrastructure,7
_4736_,tier1,generated_control,infrastructure,5
_4737_,tier1,generated_datapath,infrastructure,7
_4738_,tier1,unclassified,infrastructure,6
_4739_,tier1,generated_datapath,infrastructure,5
_4740_,tier1,generated_datapath,infrastructure,6
_4741_,tier1,generated_control,infrastructure,4
_4742_,tier1,generated_control,infrastructure,4
_4743_,tier1,generated_control,infrastructure,8
_4744_,tier1,generated_control,infrastructure,8
_4745_,tier1,generated_control,infrastructure,8
_4746_,tier1,generated_control,infrastructure,8
_4747_,tier1,generated_control,infrastructure,8
_4748_,tier1,generated_control,infrastructure,4
_4749_,tier1,generated_control,infrastructure,8
_4750_,tier1,generated_control,infrastructure,8
_4751_,tier1,generated_control,infrastructure,5
_4752_,tier1,generated_control,infrastructure,8
_4753_,tier1,generated_control,infrastructure,8
_4754_,tier1,generated_control,infrastructure,5
_4755_,tier1,generated_control,infrastructure,4
_4756_,tier1,generated_datapath,infrastructure,6
_4757_,tier1,generated_datapath,infrastructure,5
_4758_,tier1,generated_control,infrastructure,3
_4759_,tier1,generated_control,infrastructure,8
_4760_,tier1,generated_control,infrastructure,4
_4761_,tier1,generated_control,infrastructure,5
_4762_,tier1,generated_control,infrastructure,4
_4763_,tier1,generated_datapath,infrastructure,7
_4764_,tier1,generated_datapath,infrastructure,6
_4765_,tier1,generated_datapath,infrastructure,5
_4766_,tier1,generated_control,infrastructure,5
_4767_,tier1,generated_datapath,infrastructure,5
_4768_,tier1,generated_datapath,infrastructure,7
_4769_,tier1,generated_control,infrastructure,5
_4770_,tier1,generated_datapath,infrastructure,5
_4771_,tier1,generated_datapath,infrastructure,7
_4772_,tier1,generated_datapath,infrastructure,5
_4773_,tier1,generated_control,infrastructure,5
_4774_,tier1,generated_datapath,infrastructure,7
_4775_,tier1,generated_control,infrastructure,4
_4776_,tier1,generated_datapath,infrastructure,5
_4777_,tier1,generated_control,infrastructure,5
_4778_,tier1,generated_control,infrastructure,5
_4779_,tier1,generated_datapath,infrastructure,6
_4780_,tier1,generated_datapath,infrastructure,5
_4781_,tier1,generated_control,infrastructure,8
_4782_,tier1,generated_control,infrastructure,4
_4783_,tier1,generated_datapath,infrastructure,6
_4784_,tier1,generated_datapath,infrastructure,5
_4785_,tier1,generated_control,infrastructure,5
_4786_,tier1,generated_datapath,infrastructure,5
_4787_,tier1,generated_control,infrastructure,5
_4788_,tier1,generated_datapath,infrastructure,5
_4789_,tier1,generated_datapath,infrastructure,7
_4790_,tier1,generated_datapath,infrastructure,7
_4791_,tier1,generated_control,infrastructure,4
_4792_,tier1,generated_control,infrastructure,8
_4793_,tier1,generated_control,infrastructure,8
_4794_,tier1,generated_control,infrastructure,8
_4795_,tier1,generated_control,infrastructure,8
_4796_,tier1,generated_control,infrastructure,8
_4797_,tier1,generated_control,infrastructure,8
_4798_,tier1,generated_control,infrastructure,8
_4799_,tier1,generated_control,infrastructure,5
_4800_,tier1,generated_control,infrastructure,8
_4801_,tier1,generated_control,infrastructure,8
_4802_,tier1,generated_control,infrastructure,5
_4803_,tier1,unclassified,infrastructure,7
_4804_,tier1,generated_datapath,infrastructure,5
_4805_,tier1,generated_control,infrastructure,3
_4806_,tier1,generated_datapath,infrastructure,5
_4807_,tier1,generated_control,infrastructure,8
_4808_,tier1,generated_control,infrastructure,4
_4809_,tier1,generated_control,infrastructure,5
_4810_,tier1,generated_control,infrastructure,4
_4811_,tier1,generated_datapath,infrastructure,7
_4812_,tier1,generated_datapath,infrastructure,6
_4813_,tier1,generated_datapath,infrastructure,5
_4814_,tier1,generated_control,infrastructure,5
_4815_,tier1,generated_datapath,infrastructure,7
_4816_,tier1,generated_datapath,infrastructure,6
_4817_,tier1,generated_control,infrastructure,5
_4818_,tier1,generated_datapath,infrastructure,5
_4819_,tier1,generated_datapath,infrastructure,7
_4820_,tier1,generated_control,infrastructure,5
_4821_,tier1,generated_control,infrastructure,5
_4822_,tier1,generated_datapath,infrastructure,6
_4823_,tier1,generated_control,infrastructure,5
_4824_,tier1,generated_datapath,infrastructure,7
_4825_,tier1,unclassified,infrastructure,6
_4826_,tier1,generated_datapath,infrastructure,6
_4827_,tier1,generated_control,infrastructure,8
_4828_,tier1,generated_control,infrastructure,4
_4829_,tier1,generated_datapath,infrastructure,6
_4830_,tier1,generated_datapath,infrastructure,5
_4831_,tier1,generated_control,infrastructure,5
_4832_,tier1,generated_datapath,infrastructure,5
_4833_,tier1,generated_control,infrastructure,5
_4834_,tier1,generated_datapath,infrastructure,5
_4835_,tier1,generated_datapath,infrastructure,7
_4836_,tier1,unclassified,infrastructure,7
_4837_,tier1,generated_control,infrastructure,4
_4838_,tier1,unclassified,infrastructure,6
_4839_,tier1,generated_control,infrastructure,4
_4840_,tier1,unclassified,infrastructure,6
_4841_,tier1,generated_control,infrastructure,4
_4842_,tier1,generated_datapath,infrastructure,5
_4843_,tier0,generated_control,infrastructure,8
_4844_,tier0,generated_datapath,infrastructure,5
_4845_,tier0,generated_control,infrastructure,5
_4846_,tier0,generated_datapath,infrastructure,5
_4847_,tier0,generated_control,infrastructure,5
_4848_,tier0,generated_datapath,infrastructure,7
_4849_,tier0,generated_datapath,infrastructure,5
_4850_,tier0,generated_control,infrastructure,5
_4851_,tier0,generated_datapath,infrastructure,7
_4852_,tier0,generated_datapath,infrastructure,6
_4853_,tier0,generated_control,infrastructure,5
_4854_,tier0,generated_datapath,infrastructure,5
_4855_,tier0,generated_datapath,infrastructure,7
_4856_,tier0,generated_control,infrastructure,4
_4857_,tier0,unclassified,infrastructure,6
_4858_,tier0,generated_control,infrastructure,5
_4859_,tier0,generated_datapath,infrastructure,5
_4860_,tier0,generated_control,infrastructure,4
_4861_,tier0,generated_datapath,infrastructure,7
_4862_,tier0,generated_control,infrastructure,5
_4863_,tier0,generated_datapath,infrastructure,5
_4864_,tier0,generated_datapath,infrastructure,7
_4865_,tier0,generated_datapath,infrastructure,5
_4866_,tier0,unclassified,infrastructure,7
_4867_,tier0,generated_control,infrastructure,5
_4868_,tier0,generated_datapath,infrastructure,7
_4869_,tier0,generated_datapath,infrastructure,6
_4870_,tier0,generated_control,infrastructure,5
_4871_,tier0,generated_datapath,infrastructure,5
_4872_,tier0,generated_datapath,infrastructure,5
_4873_,tier0,generated_datapath,infrastructure,6
_4874_,tier0,generated_control,infrastructure,5
_4875_,tier0,generated_control,infrastructure,5
_4876_,tier0,generated_control,infrastructure,8
_4877_,tier0,generated_control,infrastructure,8
_4878_,tier0,generated_control,infrastructure,5
_4879_,tier0,generated_control,infrastructure,8
_4880_,tier0,generated_control,infrastructure,8
_4881_,tier0,generated_control,infrastructure,5
_4882_,tier0,generated_control,infrastructure,5
_4883_,tier0,generated_control,infrastructure,8
_4884_,tier0,generated_control,infrastructure,8
_4885_,tier0,generated_control,infrastructure,5
_4886_,tier0,generated_control,infrastructure,8
_4887_,tier0,generated_control,infrastructure,8
_4888_,tier0,generated_control,infrastructure,5
_4889_,tier0,generated_datapath,infrastructure,6
_4890_,tier0,generated_datapath,infrastructure,6
_4891_,tier1,generated_control,infrastructure,3
_4892_,tier1,generated_control,infrastructure,4
_4893_,tier1,unclassified,infrastructure,6
_4894_,tier1,generated_control,infrastructure,5
_4895_,tier1,generated_control,infrastructure,4
_4896_,tier1,unclassified,infrastructure,6
_4897_,tier1,generated_control,infrastructure,5
_4898_,tier1,generated_control,infrastructure,8
_4899_,tier1,generated_control,infrastructure,4
_4900_,tier1,generated_control,infrastructure,5
_4901_,tier1,generated_datapath,infrastructure,7
_4902_,tier1,generated_datapath,infrastructure,6
_4903_,tier1,generated_control,infrastructure,5
_4904_,tier1,generated_datapath,infrastructure,5
_4905_,tier1,generated_datapath,infrastructure,7
_4906_,tier1,generated_control,infrastructure,4
_4907_,tier1,unclassified,infrastructure,6
_4908_,tier1,generated_control,infrastructure,5
_4909_,tier1,generated_datapath,infrastructure,5
_4910_,tier1,generated_control,infrastructure,4
_4911_,tier1,generated_datapath,infrastructure,7
_4912_,tier1,generated_control,infrastructure,5
_4913_,tier1,generated_control,infrastructure,4
_4914_,tier1,generated_datapath,infrastructure,7
_4915_,tier1,unclassified,infrastructure,6
_4916_,tier1,unclassified,infrastructure,7
_4917_,tier1,generated_control,infrastructure,5
_4918_,tier1,generated_datapath,infrastructure,7
_4919_,tier1,generated_datapath,infrastructure,6
_4920_,tier1,generated_control,infrastructure,5
_4921_,tier1,generated_datapath,infrastructure,5
_4922_,tier1,generated_datapath,infrastructure,5
_4923_,tier1,generated_datapath,infrastructure,6
_4924_,tier1,generated_control,infrastructure,5
_4925_,tier1,generated_control,infrastructure,5
_4926_,tier1,execute_alu,datapath,3
_4927_,tier1,generated_control,infrastructure,8
_4928_,tier1,generated_control,infrastructure,4
_4929_,tier1,generated_control,infrastructure,8
_4930_,tier1,generated_control,infrastructure,4
_4931_,tier1,generated_control,infrastructure,8
_4932_,tier1,generated_control,infrastructure,8
_4933_,tier1,generated_control,infrastructure,4
_4934_,tier1,generated_datapath,infrastructure,6
_4935_,tier1,unclassified,infrastructure,6
_4936_,tier1,generated_control,infrastructure,8
_4937_,tier1,generated_control,infrastructure,8
_4938_,tier1,generated_control,infrastructure,8
_4939_,tier1,generated_control,infrastructure,8
_4940_,tier1,generated_control,infrastructure,8
_4941_,tier1,generated_datapath,infrastructure,6
_4942_,tier1,generated_control,infrastructure,4
_4943_,tier1,generated_datapath,infrastructure,5
_4944_,tier1,execute_alu,datapath,3
_4945_,tier1,generated_control,infrastructure,4
_4946_,tier1,generated_datapath,infrastructure,5
_4947_,tier1,generated_control,infrastructure,5
_4948_,tier1,unclassified,infrastructure,6
_4949_,tier0,generated_control,infrastructure,8
_4950_,tier0,generated_control,infrastructure,8
_4951_,tier0,generated_control,infrastructure,8
_4952_,tier0,generated_control,infrastructure,8
_4953_,tier0,generated_control,infrastructure,8
_4954_,tier0,generated_control,infrastructure,8
_4955_,tier0,generated_control,infrastructure,8
_4956_,tier0,generated_control,infrastructure,8
_4957_,tier0,generated_control,infrastructure,8
_4958_,tier0,generated_control,infrastructure,8
_4959_,tier0,generated_datapath,infrastructure,6
_4960_,tier0,generated_control,infrastructure,4
_4961_,tier0,generated_control,infrastructure,8
_4962_,tier0,generated_control,infrastructure,4
_4963_,tier0,generated_control,infrastructure,4
_4964_,tier0,generated_control,infrastructure,4
_4965_,tier0,generated_control,infrastructure,8
_4966_,tier0,generated_datapath,infrastructure,6
_4967_,tier0,generated_control,infrastructure,5
_4968_,tier0,generated_datapath,infrastructure,5
_4969_,tier0,generated_datapath,infrastructure,7
_4970_,tier0,generated_control,infrastructure,5
_4971_,tier0,generated_datapath,infrastructure,7
_4972_,tier0,generated_datapath,infrastructure,6
_4973_,tier0,generated_control,infrastructure,5
_4974_,tier0,generated_control,infrastructure,4
_4975_,tier0,unclassified,infrastructure,6
_4976_,tier0,generated_control,infrastructure,5
_4977_,tier0,generated_datapath,infrastructure,5
_4978_,tier0,generated_control,infrastructure,4
_4979_,tier0,generated_datapath,infrastructure,7
_4980_,tier0,generated_control,infrastructure,5
_4981_,tier0,generated_datapath,infrastructure,7
_4982_,tier0,generated_datapath,infrastructure,6
_4983_,tier0,generated_control,infrastructure,5
_4984_,tier0,generated_control,infrastructure,5
_4985_,tier0,generated_datapath,infrastructure,5
_4986_,tier0,generated_datapath,infrastructure,5
_4987_,tier0,generated_control,infrastructure,4
_4988_,tier0,generated_datapath,infrastructure,5
_4989_,tier0,generated_control,infrastructure,5
_4990_,tier0,generated_datapath,infrastructure,7
_4991_,tier0,generated_datapath,infrastructure,6
_4992_,tier0,generated_control,infrastructure,5
_4993_,tier0,generated_control,infrastructure,6
_4994_,tier1,generated_datapath,infrastructure,4
_4995_,tier0,generated_control,infrastructure,8
_4996_,tier0,generated_control,infrastructure,8
_4997_,tier0,generated_control,infrastructure,5
_4998_,tier0,generated_control,infrastructure,8
_4999_,tier0,generated_control,infrastructure,8
_5000_,tier0,generated_control,infrastructure,5
_5001_,tier0,generated_datapath,infrastructure,6
_5002_,tier0,generated_control,infrastructure,8
_5003_,tier0,generated_control,infrastructure,8
_5004_,tier0,generated_control,infrastructure,5
_5005_,tier0,generated_control,infrastructure,5
_5006_,tier0,generated_control,infrastructure,5
_5007_,tier0,generated_control,infrastructure,5
_5008_,tier0,generated_control,infrastructure,5
_5009_,tier0,unclassified,infrastructure,6
_5010_,tier0,generated_control,infrastructure,5
_5011_,tier0,generated_control,infrastructure,4
_5012_,tier0,generated_datapath,infrastructure,7
_5013_,tier0,unclassified,infrastructure,6
_5014_,tier0,generated_control,infrastructure,6
_5015_,tier0,generated_control,infrastructure,5
_5016_,tier0,generated_control,infrastructure,4
_5017_,tier0,generated_control,infrastructure,5
_5018_,tier0,generated_control,infrastructure,4
_5019_,tier0,generated_datapath,infrastructure,6
_5020_,tier0,generated_control,infrastructure,5
_5021_,tier0,generated_control,infrastructure,4
_5022_,tier0,generated_control,infrastructure,5
_5023_,tier0,generated_datapath,infrastructure,5
_5024_,tier0,unclassified,infrastructure,7
_5025_,tier0,generated_control,infrastructure,4
_5026_,tier0,generated_datapath,infrastructure,5
_5027_,tier0,unclassified,infrastructure,6
_5028_,tier0,generated_control,infrastructure,5
_5029_,tier0,generated_control,infrastructure,5
_5030_,tier0,generated_datapath,infrastructure,5
_5031_,tier0,generated_datapath,infrastructure,5
_5032_,tier0,generated_datapath,infrastructure,5
_5033_,tier0,generated_control,infrastructure,5
_5034_,tier0,generated_datapath,infrastructure,7
_5035_,tier0,generated_control,infrastructure,5
_5036_,tier0,generated_datapath,infrastructure,5
_5037_,tier0,unclassified,infrastructure,7
_5038_,tier0,generated_control,infrastructure,4
_5039_,tier0,generated_control,infrastructure,4
_5040_,tier0,generated_control,infrastructure,5
_5041_,tier0,generated_control,infrastructure,4
_5042_,tier0,generated_datapath,infrastructure,5
_5043_,tier0,generated_control,infrastructure,5
_5044_,tier0,generated_control,infrastructure,8
_5045_,tier0,generated_control,infrastructure,5
_5046_,tier0,generated_control,infrastructure,8
_5047_,tier0,generated_control,infrastructure,4
_5048_,tier0,generated_datapath,infrastructure,6
_5049_,tier0,generated_datapath,infrastructure,5
_5050_,tier0,generated_control,infrastructure,5
_5051_,tier0,generated_datapath,infrastructure,5
_5052_,tier0,generated_control,infrastructure,5
_5053_,tier0,generated_datapath,infrastructure,5
_5054_,tier0,generated_datapath,infrastructure,7
_5055_,tier0,unclassified,infrastructure,7
_5056_,tier1,generated_control,infrastructure,4
_5057_,tier1,execute_alu,datapath,3
_5058_,tier0,generated_control,infrastructure,8
_5059_,tier0,generated_control,infrastructure,4
_5060_,tier0,generated_datapath,infrastructure,6
_5061_,tier0,generated_datapath,infrastructure,5
_5062_,tier0,generated_control,infrastructure,5
_5063_,tier0,generated_datapath,infrastructure,5
_5064_,tier0,generated_control,infrastructure,5
_5065_,tier0,generated_datapath,infrastructure,5
_5066_,tier0,generated_datapath,infrastructure,7
_5067_,tier0,generated_control,infrastructure,3
_5068_,tier0,generated_control,infrastructure,5
_5069_,tier0,unclassified,infrastructure,6
_5070_,tier0,generated_control,infrastructure,5
_5071_,tier0,generated_control,infrastructure,4
_5072_,tier0,generated_datapath,infrastructure,6
_5073_,tier0,generated_control,infrastructure,5
_5074_,tier0,generated_datapath,infrastructure,7
_5075_,tier0,generated_control,infrastructure,3
_5076_,tier0,generated_control,infrastructure,5
_5077_,tier0,unclassified,infrastructure,6
_5078_,tier0,generated_control,infrastructure,5
_5079_,tier0,generated_control,infrastructure,4
_5080_,tier0,generated_datapath,infrastructure,6
_5081_,tier0,generated_control,infrastructure,5
_5082_,tier0,generated_control,infrastructure,5
_5083_,tier0,generated_datapath,infrastructure,6
_5084_,tier0,generated_datapath,infrastructure,5
_5085_,tier0,unclassified,infrastructure,7
_5086_,tier0,generated_datapath,infrastructure,5
_5087_,tier0,unclassified,infrastructure,6
_5088_,tier0,generated_control,infrastructure,5
_5089_,tier0,generated_datapath,infrastructure,5
_5090_,tier0,generated_control,infrastructure,4
_5091_,tier0,generated_datapath,infrastructure,5
_5092_,tier0,generated_datapath,infrastructure,5
_5093_,tier0,generated_control,infrastructure,5
_5094_,tier0,generated_datapath,infrastructure,5
_5095_,tier0,generated_datapath,infrastructure,6
_5096_,tier0,unclassified,infrastructure,6
_5097_,tier0,generated_control,infrastructure,5
_5099_,tier1,execute_alu,datapath,3
_5100_,tier0,generated_control,infrastructure,8
_5101_,tier0,generated_control,infrastructure,5
_5102_,tier0,generated_control,infrastructure,5
_5103_,tier0,generated_datapath,infrastructure,7
_5104_,tier0,generated_datapath,infrastructure,5
_5105_,tier0,generated_control,infrastructure,8
_5106_,tier0,generated_control,infrastructure,5
_5107_,tier0,generated_control,infrastructure,5
_5108_,tier0,generated_datapath,infrastructure,6
_5109_,tier0,generated_control,infrastructure,5
_5110_,tier0,unclassified,infrastructure,6
_5111_,tier0,generated_control,infrastructure,8
_5112_,tier0,generated_control,infrastructure,5
_5113_,tier0,generated_control,infrastructure,5
_5114_,tier0,generated_datapath,infrastructure,6
_5115_,tier0,generated_datapath,infrastructure,6
_5116_,tier0,generated_control,infrastructure,8
_5117_,tier0,generated_control,infrastructure,5
_5118_,tier0,generated_control,infrastructure,5
_5119_,tier0,generated_datapath,infrastructure,7
_5120_,tier0,generated_datapath,infrastructure,5
_5121_,tier0,generated_control,infrastructure,5
_5122_,tier0,unclassified,infrastructure,6
_5123_,tier0,generated_control,infrastructure,5
_5124_,tier0,generated_datapath,infrastructure,5
_5125_,tier0,generated_control,infrastructure,5
_5126_,tier0,generated_datapath,infrastructure,5
_5127_,tier0,generated_datapath,infrastructure,6
_5128_,tier0,generated_control,infrastructure,5
_5129_,tier0,generated_datapath,infrastructure,6
_5130_,tier0,generated_datapath,infrastructure,5
_5131_,tier0,generated_datapath,infrastructure,5
_5132_,tier0,generated_datapath,infrastructure,5
_5133_,tier0,generated_control,infrastructure,8
_5134_,tier0,generated_control,infrastructure,4
_5135_,tier0,generated_datapath,infrastructure,6
_5136_,tier0,generated_datapath,infrastructure,5
_5137_,tier0,generated_control,infrastructure,5
_5138_,tier0,generated_datapath,infrastructure,5
_5139_,tier0,generated_control,infrastructure,5
_5140_,tier0,generated_datapath,infrastructure,5
_5141_,tier0,generated_datapath,infrastructure,7
_5142_,tier0,generated_control,infrastructure,3
_5143_,tier0,generated_control,infrastructure,5
_5144_,tier0,unclassified,infrastructure,6
_5145_,tier0,generated_control,infrastructure,5
_5146_,tier0,generated_control,infrastructure,4
_5147_,tier0,generated_datapath,infrastructure,6
_5148_,tier0,generated_control,infrastructure,4
_5149_,tier0,generated_datapath,infrastructure,6
_5150_,tier0,generated_datapath,infrastructure,5
_5151_,tier0,generated_datapath,infrastructure,5
_5152_,tier0,unclassified,infrastructure,6
_5153_,tier0,generated_control,infrastructure,8
_5154_,tier0,generated_control,infrastructure,4
_5155_,tier0,generated_control,infrastructure,8
_5156_,tier0,generated_control,infrastructure,4
_5157_,tier0,generated_datapath,infrastructure,6
_5158_,tier0,unclassified,infrastructure,6
_5159_,tier0,generated_control,infrastructure,8
_5160_,tier0,generated_control,infrastructure,4
_5161_,tier0,generated_control,infrastructure,5
_5162_,tier0,generated_control,infrastructure,5
_5163_,tier0,generated_datapath,infrastructure,7
_5164_,tier0,generated_control,infrastructure,8
_5165_,tier0,generated_control,infrastructure,4
_5166_,tier0,generated_control,infrastructure,5
_5167_,tier0,generated_control,infrastructure,5
_5168_,tier0,generated_datapath,infrastructure,7
_5169_,tier0,generated_datapath,infrastructure,6
_5170_,tier0,generated_control,infrastructure,8
_5171_,tier0,generated_control,infrastructure,5
_5172_,tier0,generated_control,infrastructure,5
_5173_,tier0,generated_datapath,infrastructure,6
_5174_,tier0,generated_datapath,infrastructure,6
_5175_,tier0,generated_control,infrastructure,8
_5176_,tier0,generated_control,infrastructure,4
_5177_,tier0,generated_control,infrastructure,5
_5178_,tier0,generated_control,infrastructure,5
_5179_,tier0,generated_datapath,infrastructure,7
_5180_,tier0,generated_datapath,infrastructure,5
_5181_,tier0,generated_datapath,infrastructure,6
_5182_,tier1,unclassified,infrastructure,6
_5183_,tier1,execute_alu,datapath,5
_5184_,tier1,execute_alu,datapath,5
_5185_,tier1,execute_alu,datapath,3
_5187_,tier1,generated_control,infrastructure,5
_5188_,tier1,generated_control,infrastructure,4
_5189_,tier1,generated_control,infrastructure,6
_5191_,tier1,generated_control,infrastructure,4
_5192_,tier1,execute_alu,datapath,5
_5193_,tier1,generated_control,infrastructure,5
_5194_,tier1,generated_datapath,infrastructure,6
_5195_,tier0,generated_control,infrastructure,5
_5196_,tier0,generated_control,infrastructure,5
_5197_,tier0,generated_datapath,infrastructure,7
_5198_,tier0,generated_control,infrastructure,8
_5199_,tier0,generated_control,infrastructure,5
_5200_,tier0,generated_control,infrastructure,5
_5201_,tier0,generated_datapath,infrastructure,7
_5202_,tier0,generated_control,infrastructure,8
_5203_,tier0,generated_datapath,infrastructure,6
_5204_,tier0,generated_datapath,infrastructure,5
_5205_,tier0,generated_control,infrastructure,5
_5206_,tier0,generated_control,infrastructure,5
_5207_,tier0,generated_datapath,infrastructure,7
_5208_,tier0,generated_control,infrastructure,8
_5209_,tier0,generated_control,infrastructure,5
_5210_,tier0,generated_control,infrastructure,5
_5211_,tier0,generated_datapath,infrastructure,7
_5212_,tier0,generated_control,infrastructure,8
_5213_,tier0,generated_datapath,infrastructure,7
_5214_,tier0,generated_datapath,infrastructure,5
_5215_,tier0,unclassified,infrastructure,7
_5216_,tier0,generated_control,infrastructure,5
_5217_,tier0,generated_datapath,infrastructure,5
_5218_,tier0,generated_control,infrastructure,5
_5219_,tier0,generated_datapath,infrastructure,7
_5220_,tier0,generated_control,infrastructure,5
_5221_,tier0,generated_datapath,infrastructure,5
_5222_,tier0,generated_control,infrastructure,5
_5223_,tier0,generated_datapath,infrastructure,7
_5224_,tier0,generated_datapath,infrastructure,5
_5225_,tier0,generated_control,infrastructure,5
_5226_,tier0,generated_datapath,infrastructure,5
_5227_,tier0,generated_datapath,infrastructure,5
_5228_,tier0,generated_control,infrastructure,4
_5229_,tier0,generated_datapath,infrastructure,5
_5230_,tier0,generated_control,infrastructure,5
_5231_,tier0,generated_datapath,infrastructure,7
_5232_,tier0,generated_datapath,infrastructure,6
_5233_,tier0,generated_control,infrastructure,5
_5234_,tier0,generated_control,infrastructure,5
_5235_,tier0,generated_datapath,infrastructure,5
_5236_,tier0,generated_datapath,infrastructure,7
_5237_,tier0,generated_control,infrastructure,5
_5238_,tier0,generated_datapath,infrastructure,7
_5239_,tier0,generated_datapath,infrastructure,6
_5240_,tier0,generated_control,infrastructure,5
_5241_,tier0,generated_control,infrastructure,4
_5242_,tier0,unclassified,infrastructure,6
_5243_,tier0,generated_control,infrastructure,5
_5244_,tier0,generated_datapath,infrastructure,5
_5245_,tier0,generated_control,infrastructure,4
_5246_,tier0,generated_datapath,infrastructure,7
_5247_,tier0,generated_control,infrastructure,5
_5248_,tier0,generated_datapath,infrastructure,5
_5249_,tier0,generated_datapath,infrastructure,7
_5250_,tier0,generated_control,infrastructure,4
_5251_,tier0,generated_control,infrastructure,5
_5252_,tier0,generated_control,infrastructure,6
_5253_,tier0,generated_control,infrastructure,5
_5254_,tier0,generated_datapath,infrastructure,5
_5255_,tier0,generated_datapath,infrastructure,7
_5256_,tier0,generated_control,infrastructure,5
_5257_,tier0,generated_datapath,infrastructure,7
_5258_,tier0,generated_datapath,infrastructure,6
_5259_,tier0,generated_datapath,infrastructure,5
_5260_,tier0,generated_control,infrastructure,5
_5261_,tier0,generated_datapath,infrastructure,5
_5262_,tier0,generated_datapath,infrastructure,7
_5263_,tier0,generated_control,infrastructure,5
_5264_,tier0,generated_datapath,infrastructure,5
_5265_,tier0,generated_datapath,infrastructure,7
_5266_,tier0,generated_datapath,infrastructure,5
_5267_,tier0,generated_datapath,infrastructure,6
_5268_,tier0,generated_control,infrastructure,8
_5269_,tier0,generated_datapath,infrastructure,5
_5270_,tier0,generated_control,infrastructure,4
_5271_,tier0,unclassified,infrastructure,6
_5272_,tier0,generated_control,infrastructure,5
_5273_,tier0,generated_datapath,infrastructure,5
_5274_,tier0,generated_control,infrastructure,4
_5275_,tier0,generated_datapath,infrastructure,7
_5276_,tier0,generated_control,infrastructure,4
_5277_,tier0,generated_datapath,infrastructure,5
_5278_,tier0,generated_datapath,infrastructure,5
_5279_,tier0,generated_control,infrastructure,5
_5280_,tier0,generated_control,infrastructure,4
_5281_,tier0,generated_datapath,infrastructure,5
_5282_,tier0,generated_control,infrastructure,8
_5283_,tier0,generated_datapath,infrastructure,5
_5284_,tier0,generated_datapath,infrastructure,6
_5285_,tier0,generated_control,infrastructure,8
_5286_,tier0,generated_control,infrastructure,5
_5287_,tier0,generated_control,infrastructure,5
_5288_,tier0,generated_datapath,infrastructure,6
_5289_,tier0,generated_datapath,infrastructure,6
_5290_,tier0,generated_control,infrastructure,5
_5291_,tier0,generated_control,infrastructure,5
_5293_,tier0,generated_control,infrastructure,8
_5294_,tier0,generated_datapath,infrastructure,5
_5295_,tier0,generated_datapath,infrastructure,7
_5296_,tier0,generated_control,infrastructure,8
_5297_,tier0,generated_control,infrastructure,8
_5298_,tier0,generated_control,infrastructure,5
_5299_,tier0,generated_control,infrastructure,8
_5300_,tier0,generated_control,infrastructure,5
_5301_,tier0,generated_control,infrastructure,5
_5302_,tier0,generated_datapath,infrastructure,7
_5303_,tier0,generated_datapath,infrastructure,5
_5304_,tier0,generated_datapath,infrastructure,6
_5305_,tier0,unclassified,infrastructure,6
_5306_,tier1,generated_datapath,infrastructure,5
_5307_,tier0,generated_control,infrastructure,5
_5308_,tier0,generated_datapath,infrastructure,5
_5309_,tier0,generated_datapath,infrastructure,7
_5310_,tier0,generated_control,infrastructure,5
_5311_,tier0,generated_datapath,infrastructure,5
_5312_,tier0,generated_datapath,infrastructure,7
_5313_,tier0,generated_datapath,infrastructure,5
_5314_,tier0,generated_control,infrastructure,5
_5315_,tier0,generated_datapath,infrastructure,5
_5316_,tier0,generated_datapath,infrastructure,7
_5317_,tier0,generated_control,infrastructure,5
_5318_,tier0,generated_datapath,infrastructure,7
_5319_,tier0,generated_datapath,infrastructure,6
_5320_,tier0,generated_datapath,infrastructure,5
_5321_,tier0,generated_datapath,infrastructure,6
_5322_,tier0,generated_control,infrastructure,8
_5323_,tier0,generated_datapath,infrastructure,5
_5324_,tier0,generated_control,infrastructure,4
_5325_,tier0,generated_datapath,infrastructure,6
_5326_,tier0,generated_datapath,infrastructure,5
_5327_,tier0,generated_control,infrastructure,5
_5328_,tier0,generated_datapath,infrastructure,5
_5329_,tier0,generated_control,infrastructure,4
_5330_,tier0,generated_datapath,infrastructure,6
_5331_,tier0,generated_datapath,infrastructure,6
_5332_,tier0,generated_datapath,infrastructure,5
_5333_,tier0,generated_control,infrastructure,5
_5334_,tier0,generated_datapath,infrastructure,6
_5335_,tier0,generated_control,infrastructure,8
_5336_,tier0,generated_datapath,infrastructure,5
_5337_,tier0,generated_datapath,infrastructure,5
_5338_,tier0,generated_datapath,infrastructure,5
_5339_,tier0,generated_control,infrastructure,8
_5340_,tier0,generated_control,infrastructure,4
_5341_,tier0,generated_control,infrastructure,8
_5342_,tier0,generated_control,infrastructure,4
_5343_,tier0,generated_control,infrastructure,5
_5344_,tier0,generated_control,infrastructure,8
_5345_,tier0,generated_control,infrastructure,4
_5346_,tier0,generated_control,infrastructure,8
_5347_,tier0,generated_control,infrastructure,4
_5348_,tier0,generated_control,infrastructure,5
_5349_,tier0,generated_control,infrastructure,8
_5350_,tier0,generated_control,infrastructure,8
_5351_,tier0,generated_control,infrastructure,8
_5352_,tier0,generated_control,infrastructure,8
_5353_,tier0,generated_control,infrastructure,8
_5354_,tier0,unclassified,infrastructure,7
_5355_,tier1,generated_datapath,infrastructure,5
_5356_,tier1,generated_control,infrastructure,5
_5357_,tier1,generated_datapath,infrastructure,7
_5358_,tier0,generated_control,infrastructure,5
_5359_,tier0,generated_control,infrastructure,5
_5360_,tier0,generated_datapath,infrastructure,7
_5361_,tier0,generated_control,infrastructure,8
_5362_,tier0,generated_control,infrastructure,5
_5363_,tier0,generated_control,infrastructure,5
_5364_,tier0,generated_datapath,infrastructure,7
_5365_,tier0,generated_control,infrastructure,8
_5366_,tier0,generated_datapath,infrastructure,6
_5367_,tier0,generated_datapath,infrastructure,5
_5368_,tier0,generated_control,infrastructure,5
_5369_,tier0,generated_control,infrastructure,5
_5370_,tier0,generated_datapath,infrastructure,7
_5371_,tier0,generated_control,infrastructure,8
_5372_,tier0,generated_control,infrastructure,5
_5373_,tier0,generated_control,infrastructure,5
_5374_,tier0,generated_datapath,infrastructure,7
_5375_,tier0,generated_control,infrastructure,8
_5376_,tier0,generated_datapath,infrastructure,7
_5377_,tier0,generated_datapath,infrastructure,5
_5378_,tier0,unclassified,infrastructure,7
_5379_,tier0,generated_control,infrastructure,4
_5380_,tier0,unclassified,infrastructure,6
_5381_,tier0,generated_control,infrastructure,5
_5382_,tier0,generated_datapath,infrastructure,5
_5383_,tier0,generated_control,infrastructure,4
_5384_,tier0,generated_datapath,infrastructure,7
_5385_,tier0,generated_control,infrastructure,5
_5386_,tier0,generated_datapath,infrastructure,5
_5387_,tier0,generated_datapath,infrastructure,7
_5388_,tier0,generated_datapath,infrastructure,5
_5389_,tier0,generated_control,infrastructure,5
_5390_,tier0,generated_datapath,infrastructure,5
_5391_,tier0,generated_datapath,infrastructure,7
_5392_,tier0,generated_control,infrastructure,5
_5393_,tier0,generated_datapath,infrastructure,5
_5394_,tier0,generated_datapath,infrastructure,7
_5395_,tier0,generated_datapath,infrastructure,5
_5396_,tier0,generated_datapath,infrastructure,6
_5397_,tier0,generated_control,infrastructure,8
_5398_,tier0,generated_datapath,infrastructure,5
_5399_,tier0,generated_control,infrastructure,8
_5400_,tier0,generated_datapath,infrastructure,6
_5401_,tier0,generated_control,infrastructure,5
_5402_,tier0,generated_datapath,infrastructure,5
_5403_,tier0,generated_datapath,infrastructure,7
_5404_,tier0,generated_control,infrastructure,5
_5405_,tier0,generated_datapath,infrastructure,7
_5406_,tier0,unclassified,infrastructure,6
_5407_,tier0,generated_datapath,infrastructure,5
_5408_,tier0,generated_datapath,infrastructure,6
_5409_,tier0,generated_control,infrastructure,4
_5410_,tier1,generated_datapath,infrastructure,6
_5412_,tier1,generated_control,infrastructure,4
_5413_,tier1,generated_datapath,infrastructure,5
_5414_,tier1,generated_control,infrastructure,4
_5415_,tier0,generated_control,infrastructure,5
_5416_,tier0,generated_datapath,infrastructure,5
_5417_,tier0,generated_control,infrastructure,5
_5418_,tier0,generated_control,infrastructure,5
_5419_,tier0,generated_datapath,infrastructure,5
_5420_,tier0,generated_control,infrastructure,5
_5421_,tier0,generated_control,infrastructure,8
_5422_,tier0,generated_control,infrastructure,4
_5423_,tier0,unclassified,infrastructure,6
_5424_,tier0,generated_control,infrastructure,5
_5425_,tier0,generated_datapath,infrastructure,5
_5426_,tier0,generated_control,infrastructure,4
_5427_,tier0,generated_datapath,infrastructure,7
_5428_,tier0,generated_control,infrastructure,5
_5429_,tier0,generated_datapath,infrastructure,5
_5430_,tier0,generated_datapath,infrastructure,7
_5431_,tier0,generated_datapath,infrastructure,5
_5432_,tier0,generated_control,infrastructure,5
_5433_,tier0,generated_datapath,infrastructure,5
_5434_,tier0,generated_datapath,infrastructure,7
_5435_,tier0,generated_control,infrastructure,5
_5436_,tier0,generated_datapath,infrastructure,5
_5437_,tier0,generated_datapath,infrastructure,7
_5438_,tier0,generated_datapath,infrastructure,5
_5439_,tier0,generated_datapath,infrastructure,6
_5440_,tier0,generated_control,infrastructure,5
_5441_,tier0,generated_datapath,infrastructure,5
_5442_,tier0,generated_datapath,infrastructure,5
_5443_,tier0,generated_control,infrastructure,4
_5444_,tier0,generated_datapath,infrastructure,5
_5445_,tier0,generated_control,infrastructure,5
_5446_,tier0,generated_datapath,infrastructure,7
_5447_,tier0,generated_datapath,infrastructure,6
_5448_,tier0,generated_control,infrastructure,5
_5449_,tier0,generated_datapath,infrastructure,6
_5450_,tier0,generated_control,infrastructure,8
_5451_,tier0,generated_control,infrastructure,8
_5452_,tier0,generated_control,infrastructure,8
_5453_,tier0,generated_control,infrastructure,8
_5454_,tier0,generated_control,infrastructure,8
_5455_,tier0,generated_control,infrastructure,8
_5456_,tier0,generated_control,infrastructure,8
_5457_,tier0,generated_control,infrastructure,8
_5458_,tier0,generated_control,infrastructure,8
_5459_,tier0,generated_control,infrastructure,8
_5460_,tier0,generated_datapath,infrastructure,6
_5461_,tier0,generated_control,infrastructure,8
_5462_,tier0,generated_control,infrastructure,8
_5463_,tier0,generated_control,infrastructure,8
_5464_,tier0,generated_control,infrastructure,8
_5465_,tier0,generated_control,infrastructure,8
_5466_,tier0,generated_control,infrastructure,8
_5467_,tier0,generated_control,infrastructure,8
_5468_,tier0,generated_control,infrastructure,5
_5469_,tier0,generated_control,infrastructure,8
_5470_,tier0,generated_control,infrastructure,8
_5471_,tier0,generated_control,infrastructure,5
_5472_,tier0,generated_datapath,infrastructure,6
_5473_,tier0,generated_datapath,infrastructure,5
_5474_,tier1,generated_control,infrastructure,3
_5475_,tier0,generated_control,infrastructure,4
_5476_,tier0,unclassified,infrastructure,6
_5477_,tier0,generated_control,infrastructure,5
_5478_,tier0,generated_control,infrastructure,4
_5479_,tier0,unclassified,infrastructure,6
_5480_,tier0,generated_control,infrastructure,5
_5481_,tier0,generated_control,infrastructure,8
_5482_,tier0,generated_control,infrastructure,4
_5483_,tier0,generated_control,infrastructure,5
_5484_,tier0,generated_datapath,infrastructure,5
_5485_,tier0,generated_datapath,infrastructure,7
_5486_,tier0,generated_control,infrastructure,5
_5487_,tier0,generated_datapath,infrastructure,7
_5488_,tier0,unclassified,infrastructure,6
_5489_,tier0,generated_datapath,infrastructure,5
_5490_,tier0,generated_control,infrastructure,5
_5491_,tier0,generated_datapath,infrastructure,5
_5492_,tier0,generated_datapath,infrastructure,7
_5493_,tier0,generated_control,infrastructure,5
_5494_,tier0,generated_datapath,infrastructure,5
_5495_,tier0,generated_datapath,infrastructure,7
_5496_,tier0,generated_datapath,infrastructure,5
_5497_,tier0,generated_control,infrastructure,8
_5498_,tier0,generated_control,infrastructure,4
_5499_,tier0,generated_datapath,infrastructure,6
_5500_,tier0,generated_datapath,infrastructure,5
_5501_,tier0,generated_control,infrastructure,5
_5502_,tier0,generated_datapath,infrastructure,5
_5503_,tier0,generated_control,infrastructure,5
_5504_,tier0,generated_datapath,infrastructure,5
_5505_,tier0,generated_datapath,infrastructure,7
_5506_,tier0,generated_datapath,infrastructure,7
_5507_,tier0,generated_control,infrastructure,8
_5508_,tier0,generated_control,infrastructure,8
_5509_,tier0,generated_control,infrastructure,8
_5510_,tier0,generated_control,infrastructure,8
_5511_,tier0,generated_control,infrastructure,8
_5512_,tier0,generated_control,infrastructure,8
_5513_,tier0,generated_control,infrastructure,8
_5514_,tier0,generated_control,infrastructure,5
_5515_,tier0,generated_control,infrastructure,8
_5516_,tier0,generated_control,infrastructure,8
_5517_,tier0,generated_control,infrastructure,5
_5518_,tier0,generated_datapath,infrastructure,6
_5519_,tier0,generated_datapath,infrastructure,5
_5520_,tier1,generated_datapath,infrastructure,5
_5521_,tier0,generated_control,infrastructure,5
_5522_,tier0,generated_datapath,infrastructure,5
_5523_,tier0,generated_control,infrastructure,5
_5524_,tier0,generated_datapath,infrastructure,5
_5525_,tier0,generated_control,infrastructure,4
_5526_,tier0,generated_datapath,infrastructure,7
_5527_,tier0,generated_control,infrastructure,5
_5528_,tier0,generated_datapath,infrastructure,5
_5529_,tier0,generated_datapath,infrastructure,7
_5530_,tier0,generated_datapath,infrastructure,5
_5531_,tier0,generated_control,infrastructure,5
_5532_,tier0,generated_datapath,infrastructure,5
_5533_,tier0,generated_datapath,infrastructure,7
_5534_,tier0,generated_control,infrastructure,5
_5535_,tier0,generated_datapath,infrastructure,7
_5536_,tier0,unclassified,infrastructure,6
_5537_,tier0,generated_datapath,infrastructure,5
_5538_,tier0,generated_control,infrastructure,5
_5539_,tier0,generated_datapath,infrastructure,5
_5540_,tier0,generated_datapath,infrastructure,7
_5541_,tier0,generated_control,infrastructure,5
_5542_,tier0,generated_datapath,infrastructure,5
_5543_,tier0,generated_datapath,infrastructure,7
_5544_,tier0,generated_datapath,infrastructure,5
_5545_,tier0,generated_datapath,infrastructure,5
_5546_,tier0,generated_control,infrastructure,8
_5547_,tier0,generated_control,infrastructure,4
_5548_,tier0,unclassified,infrastructure,6
_5549_,tier0,generated_control,infrastructure,5
_5550_,tier0,generated_datapath,infrastructure,5
_5551_,tier0,generated_datapath,infrastructure,7
_5552_,tier0,generated_datapath,infrastructure,7
_5553_,tier0,generated_datapath,infrastructure,5
_5554_,tier1,generated_datapath,infrastructure,5
_5555_,tier0,generated_control,infrastructure,4
_5556_,tier0,generated_control,infrastructure,8
_5557_,tier0,generated_control,infrastructure,4
_5558_,tier0,generated_control,infrastructure,8
_5559_,tier0,generated_datapath,infrastructure,6
_5560_,tier0,generated_control,infrastructure,5
_5561_,tier0,generated_datapath,infrastructure,5
_5562_,tier0,generated_datapath,infrastructure,5
_5563_,tier0,generated_control,infrastructure,4
_5564_,tier0,generated_datapath,infrastructure,5
_5565_,tier0,generated_control,infrastructure,5
_5566_,tier0,generated_datapath,infrastructure,7
_5567_,tier0,generated_datapath,infrastructure,6
_5568_,tier0,generated_control,infrastructure,5
_5569_,tier0,generated_control,infrastructure,5
_5570_,tier0,generated_datapath,infrastructure,5
_5571_,tier0,generated_datapath,infrastructure,7
_5572_,tier0,generated_control,infrastructure,5
_5573_,tier0,generated_datapath,infrastructure,7
_5574_,tier0,generated_datapath,infrastructure,6
_5575_,tier0,generated_control,infrastructure,5
_5576_,tier0,generated_control,infrastructure,4
_5577_,tier0,unclassified,infrastructure,6
_5578_,tier0,generated_control,infrastructure,5
_5579_,tier0,generated_datapath,infrastructure,5
_5580_,tier0,generated_control,infrastructure,4
_5581_,tier0,generated_datapath,infrastructure,7
_5582_,tier0,generated_control,infrastructure,5
_5583_,tier0,generated_datapath,infrastructure,5
_5584_,tier0,generated_datapath,infrastructure,7
_5585_,tier0,generated_control,infrastructure,4
_5586_,tier0,generated_control,infrastructure,5
_5587_,tier0,generated_control,infrastructure,6
_5588_,tier1,execute_alu,datapath,3
_5589_,tier0,generated_control,infrastructure,8
_5590_,tier0,generated_control,infrastructure,8
_5591_,tier0,generated_control,infrastructure,8
_5592_,tier0,generated_control,infrastructure,8
_5593_,tier0,generated_control,infrastructure,8
_5594_,tier0,generated_control,infrastructure,8
_5595_,tier0,generated_control,infrastructure,8
_5596_,tier0,generated_control,infrastructure,8
_5597_,tier0,generated_control,infrastructure,8
_5598_,tier0,generated_control,infrastructure,8
_5599_,tier0,generated_datapath,infrastructure,6
_5600_,tier1,generated_control,infrastructure,4
_5601_,tier1,generated_datapath,infrastructure,6
_5602_,tier1,generated_control,infrastructure,4
_5603_,tier1,unclassified,infrastructure,6
_5604_,tier1,generated_control,infrastructure,4
_5605_,tier0,generated_control,infrastructure,5
_5606_,tier0,generated_datapath,infrastructure,5
_5607_,tier0,generated_control,infrastructure,5
_5608_,tier0,generated_control,infrastructure,5
_5609_,tier0,generated_datapath,infrastructure,5
_5610_,tier0,generated_control,infrastructure,5
_5611_,tier0,generated_control,infrastructure,8
_5612_,tier0,generated_control,infrastructure,4
_5613_,tier0,unclassified,infrastructure,6
_5614_,tier0,generated_control,infrastructure,5
_5615_,tier0,generated_datapath,infrastructure,5
_5616_,tier0,generated_control,infrastructure,4
_5617_,tier0,generated_datapath,infrastructure,7
_5618_,tier0,generated_control,infrastructure,5
_5619_,tier0,generated_datapath,infrastructure,5
_5620_,tier0,generated_datapath,infrastructure,7
_5621_,tier0,generated_control,infrastructure,4
_5622_,tier0,generated_control,infrastructure,5
_5623_,tier0,generated_control,infrastructure,5
_5624_,tier0,generated_datapath,infrastructure,5
_5625_,tier0,generated_datapath,infrastructure,7
_5626_,tier0,generated_control,infrastructure,5
_5627_,tier0,generated_datapath,infrastructure,7
_5628_,tier0,generated_datapath,infrastructure,6
_5629_,tier0,generated_control,infrastructure,5
_5630_,tier0,generated_control,infrastructure,5
_5631_,tier0,generated_datapath,infrastructure,5
_5632_,tier0,generated_datapath,infrastructure,5
_5633_,tier0,generated_control,infrastructure,4
_5634_,tier0,generated_datapath,infrastructure,5
_5635_,tier0,generated_control,infrastructure,5
_5636_,tier0,generated_datapath,infrastructure,7
_5637_,tier0,generated_datapath,infrastructure,6
_5638_,tier0,generated_control,infrastructure,5
_5639_,tier0,generated_datapath,infrastructure,7
_5641_,tier0,generated_control,infrastructure,5
_5642_,tier0,generated_control,infrastructure,5
_5643_,tier0,generated_datapath,infrastructure,7
_5644_,tier0,generated_control,infrastructure,5
_5645_,tier0,generated_control,infrastructure,5
_5646_,tier0,generated_datapath,infrastructure,7
_5647_,tier0,generated_datapath,infrastructure,5
_5648_,tier0,generated_control,infrastructure,8
_5649_,tier0,generated_control,infrastructure,8
_5650_,tier0,generated_datapath,infrastructure,7
_5651_,tier0,generated_control,infrastructure,8
_5652_,tier0,generated_control,infrastructure,8
_5653_,tier0,generated_control,infrastructure,8
_5654_,tier0,generated_control,infrastructure,8
_5655_,tier0,generated_control,infrastructure,8
_5656_,tier0,generated_control,infrastructure,4
_5657_,tier0,generated_datapath,infrastructure,5
_5658_,tier1,generated_control,infrastructure,4
_5659_,tier1,generated_control,infrastructure,4
_5660_,tier0,generated_control,infrastructure,5
_5661_,tier0,generated_control,infrastructure,5
_5662_,tier0,generated_datapath,infrastructure,7
_5663_,tier0,generated_control,infrastructure,8
_5664_,tier0,generated_control,infrastructure,5
_5665_,tier0,generated_control,infrastructure,5
_5666_,tier0,generated_datapath,infrastructure,7
_5667_,tier0,generated_control,infrastructure,8
_5668_,tier0,generated_datapath,infrastructure,6
_5669_,tier0,generated_datapath,infrastructure,5
_5670_,tier0,generated_control,infrastructure,8
_5671_,tier0,generated_control,infrastructure,4
_5672_,tier0,generated_control,infrastructure,8
_5673_,tier0,generated_control,infrastructure,4
_5674_,tier0,generated_control,infrastructure,8
_5675_,tier0,generated_control,infrastructure,5
_5676_,tier0,generated_control,infrastructure,5
_5677_,tier0,generated_datapath,infrastructure,7
_5678_,tier0,generated_datapath,infrastructure,5
_5679_,tier0,unclassified,infrastructure,7
_5680_,tier0,unclassified,infrastructure,6
_5681_,tier0,generated_control,infrastructure,5
_5682_,tier0,generated_datapath,infrastructure,5
_5683_,tier0,generated_datapath,infrastructure,7
_5684_,tier0,generated_control,infrastructure,5
_5685_,tier0,generated_datapath,infrastructure,7
_5686_,tier0,unclassified,infrastructure,6
_5687_,tier0,generated_datapath,infrastructure,5
_5688_,tier0,generated_control,infrastructure,5
_5689_,tier0,generated_datapath,infrastructure,5
_5690_,tier0,generated_datapath,infrastructure,7
_5691_,tier0,generated_control,infrastructure,4
_5692_,tier0,generated_datapath,infrastructure,6
_5693_,tier0,generated_datapath,infrastructure,5
_5694_,tier0,generated_control,infrastructure,5
_5695_,tier0,generated_datapath,infrastructure,5
_5696_,tier0,generated_control,infrastructure,5
_5697_,tier0,generated_datapath,infrastructure,5
_5698_,tier0,unclassified,infrastructure,6
_5699_,tier0,generated_datapath,infrastructure,6
_5700_,tier0,generated_control,infrastructure,5
_5701_,tier0,generated_datapath,infrastructure,7
_5702_,tier0,generated_datapath,infrastructure,6
_5703_,tier0,generated_control,infrastructure,5
_5704_,tier0,generated_datapath,infrastructure,5
_5705_,tier0,generated_datapath,infrastructure,7
_5706_,tier0,generated_datapath,infrastructure,5
_5707_,tier0,generated_control,infrastructure,8
_5708_,tier0,generated_control,infrastructure,4
_5709_,tier0,unclassified,infrastructure,6
_5710_,tier0,generated_control,infrastructure,5
_5711_,tier0,generated_datapath,infrastructure,5
_5712_,tier0,generated_datapath,infrastructure,7
_5713_,tier0,unclassified,infrastructure,6
_5714_,tier1,generated_control,infrastructure,4
_5715_,tier0,generated_control,infrastructure,5
_5716_,tier0,generated_datapath,infrastructure,5
_5717_,tier0,generated_datapath,infrastructure,7
_5718_,tier0,generated_control,infrastructure,5
_5719_,tier0,generated_datapath,infrastructure,5
_5720_,tier0,generated_datapath,infrastructure,7
_5721_,tier0,generated_datapath,infrastructure,5
_5722_,tier0,generated_control,infrastructure,4
_5723_,tier0,unclassified,infrastructure,6
_5724_,tier0,generated_control,infrastructure,5
_5725_,tier0,generated_datapath,infrastructure,5
_5726_,tier0,generated_control,infrastructure,4
_5727_,tier0,generated_datapath,infrastructure,7
_5728_,tier0,generated_control,infrastructure,5
_5729_,tier0,generated_datapath,infrastructure,5
_5730_,tier0,generated_datapath,infrastructure,7
_5731_,tier0,generated_datapath,infrastructure,5
_5732_,tier0,generated_control,infrastructure,4
_5733_,tier0,unclassified,infrastructure,6
_5734_,tier0,generated_control,infrastructure,5
_5735_,tier0,generated_control,infrastructure,4
_5736_,tier0,unclassified,infrastructure,6
_5737_,tier0,generated_control,infrastructure,5
_5738_,tier0,generated_control,infrastructure,8
_5739_,tier0,unclassified,infrastructure,6
_5740_,tier0,generated_control,infrastructure,5
_5741_,tier0,generated_datapath,infrastructure,5
_5742_,tier0,generated_datapath,infrastructure,5
_5743_,tier0,generated_control,infrastructure,4
_5744_,tier0,generated_datapath,infrastructure,5
_5745_,tier0,generated_control,infrastructure,5
_5746_,tier0,generated_datapath,infrastructure,7
_5747_,tier0,generated_datapath,infrastructure,6
_5748_,tier0,generated_control,infrastructure,5
_5749_,tier0,generated_datapath,infrastructure,6
_5750_,tier0,generated_control,infrastructure,8
_5751_,tier0,generated_control,infrastructure,8
_5752_,tier0,generated_control,infrastructure,8
_5753_,tier0,generated_control,infrastructure,8
_5754_,tier0,generated_control,infrastructure,8
_5755_,tier0,generated_control,infrastructure,8
_5756_,tier0,generated_control,infrastructure,8
_5757_,tier0,generated_control,infrastructure,5
_5758_,tier0,generated_control,infrastructure,8
_5759_,tier0,generated_control,infrastructure,8
_5760_,tier0,generated_control,infrastructure,5
_5761_,tier0,generated_datapath,infrastructure,6
_5762_,tier0,generated_datapath,infrastructure,5
_5763_,tier1,generated_control,infrastructure,3
_5764_,tier0,generated_control,infrastructure,8
_5765_,tier0,generated_control,infrastructure,4
_5766_,tier0,generated_control,infrastructure,8
_5767_,tier0,generated_control,infrastructure,4
_5768_,tier0,generated_control,infrastructure,8
_5769_,tier0,generated_control,infrastructure,4
_5770_,tier0,generated_control,infrastructure,8
_5771_,tier0,generated_control,infrastructure,4
_5772_,tier0,generated_control,infrastructure,5
_5773_,tier0,unclassified,infrastructure,6
_5774_,tier0,generated_control,infrastructure,8
_5775_,tier0,generated_control,infrastructure,8
_5776_,tier0,generated_control,infrastructure,8
_5777_,tier0,generated_control,infrastructure,8
_5778_,tier0,generated_control,infrastructure,8
_5779_,tier0,generated_datapath,infrastructure,6
_5780_,tier0,generated_control,infrastructure,5
_5781_,tier0,generated_datapath,infrastructure,5
_5782_,tier0,generated_datapath,infrastructure,7
_5783_,tier0,generated_control,infrastructure,5
_5784_,tier0,generated_datapath,infrastructure,5
_5785_,tier0,generated_datapath,infrastructure,7
_5786_,tier0,generated_datapath,infrastructure,5
_5787_,tier0,generated_control,infrastructure,5
_5788_,tier0,generated_datapath,infrastructure,5
_5789_,tier0,generated_datapath,infrastructure,7
_5790_,tier0,generated_control,infrastructure,5
_5791_,tier0,generated_datapath,infrastructure,7
_5792_,tier0,unclassified,infrastructure,6
_5793_,tier0,generated_datapath,infrastructure,5
_5794_,tier0,generated_datapath,infrastructure,6
_5795_,tier0,generated_control,infrastructure,4
_5796_,tier0,unclassified,infrastructure,6
_5797_,tier0,generated_control,infrastructure,5
_5798_,tier0,generated_control,infrastructure,4
_5799_,tier0,unclassified,infrastructure,6
_5800_,tier0,generated_control,infrastructure,5
_5801_,tier0,generated_control,infrastructure,8
_5802_,tier0,generated_control,infrastructure,8
_5803_,tier0,generated_datapath,infrastructure,5
_5804_,tier0,generated_control,infrastructure,4
_5805_,tier0,unclassified,infrastructure,6
_5806_,tier0,generated_control,infrastructure,5
_5807_,tier0,generated_datapath,infrastructure,5
_5808_,tier0,generated_control,infrastructure,4
_5809_,tier0,generated_datapath,infrastructure,7
_5810_,tier0,generated_datapath,infrastructure,6
_5811_,tier1,generated_control,infrastructure,5
_5812_,tier1,generated_datapath,infrastructure,5
_5813_,tier1,generated_datapath,infrastructure,5
_5814_,tier1,generated_control,infrastructure,4
_5816_,tier1,generated_control,infrastructure,5
_5817_,tier1,generated_datapath,infrastructure,5
_5818_,tier1,generated_datapath,infrastructure,6
_5819_,tier1,generated_control,infrastructure,4
_5820_,tier1,unclassified,infrastructure,6
_5821_,tier1,generated_control,infrastructure,4
_5822_,tier1,execute_alu,datapath,3
_5823_,tier1,generated_control,infrastructure,5
_5824_,tier1,generated_datapath,infrastructure,5
_5825_,tier1,generated_datapath,infrastructure,5
_5826_,tier1,generated_control,infrastructure,5
_5827_,tier0,unclassified,infrastructure,6
_5828_,tier1,generated_control,infrastructure,6
_5829_,tier1,generated_datapath,infrastructure,5
_5830_,tier1,generated_control,infrastructure,4
_5831_,tier1,generated_datapath,infrastructure,5
_5832_,tier1,execute_alu,datapath,5
_5833_,tier1,generated_datapath,infrastructure,7
_5834_,tier1,generated_control,infrastructure,4
_5835_,tier1,generated_control,infrastructure,4
_5836_,tier1,execute_alu,datapath,5
_5837_,tier1,generated_datapath,infrastructure,6
_5838_,tier1,generated_control,infrastructure,3
_5840_,tier1,generated_control,infrastructure,4
_5841_,tier1,execute_alu,datapath,3
_5842_,tier1,generated_control,infrastructure,4
_5843_,tier1,execute_alu,datapath,3
_5844_,tier1,generated_datapath,infrastructure,6
_5845_,tier1,execute_alu,datapath,3
_5846_,tier1,generated_control,infrastructure,4
_5847_,tier1,generated_datapath,infrastructure,7
_5848_,tier1,generated_control,infrastructure,4
_5849_,tier1,generated_control,infrastructure,4
_5850_,tier1,generated_datapath,infrastructure,5
_5851_,tier1,generated_datapath,infrastructure,5
_5852_,tier1,generated_control,infrastructure,5
_5853_,tier1,generated_datapath,infrastructure,5
_5854_,tier1,generated_datapath,infrastructure,5
_5855_,tier1,generated_datapath,infrastructure,5
_5856_,tier1,generated_control,infrastructure,5
_5857_,tier1,generated_datapath,infrastructure,5
_5858_,tier1,generated_datapath,infrastructure,5
_5859_,tier1,generated_datapath,infrastructure,5
_5860_,tier1,generated_datapath,infrastructure,6
_5861_,tier1,generated_datapath,infrastructure,6
_5862_,tier1,generated_datapath,infrastructure,5
_5863_,tier1,generated_control,infrastructure,6
_5864_,tier1,unclassified,infrastructure,7
_5865_,tier1,unclassified,infrastructure,6
_5867_,tier1,generated_control,infrastructure,3
_5868_,tier1,generated_control,infrastructure,3
_5869_,tier1,generated_control,infrastructure,5
_5870_,tier1,generated_control,infrastructure,4
_5871_,tier1,generated_control,infrastructure,5
_5872_,tier1,generated_control,infrastructure,4
_5873_,tier1,generated_control,infrastructure,4
_5874_,tier1,generated_control,infrastructure,3
_5875_,tier1,generated_control,infrastructure,4
_5877_,tier1,generated_datapath,infrastructure,5
_5878_,tier1,generated_datapath,infrastructure,5
_5879_,tier1,generated_datapath,infrastructure,5
_5880_,tier1,generated_datapath,infrastructure,4
_5881_,tier1,generated_datapath,infrastructure,4
_5882_,tier1,generated_datapath,infrastructure,4
_5883_,tier1,generated_datapath,infrastructure,4
_5884_,tier1,generated_control,infrastructure,6
_5885_,tier1,generated_datapath,infrastructure,6
_5886_,tier1,generated_control,infrastructure,5
_5887_,tier1,generated_datapath,infrastructure,7
_5888_,tier1,generated_control,infrastructure,6
_5889_,tier1,generated_datapath,infrastructure,7
_5890_,tier1,generated_control,infrastructure,5
_5891_,tier1,generated_control,infrastructure,5
_5892_,tier1,unclassified,infrastructure,7
_5893_,tier1,generated_datapath,infrastructure,7
_5894_,tier1,generated_control,infrastructure,4
_5896_,tier1,generated_control,infrastructure,5
_5898_,tier1,generated_control,infrastructure,4
_5899_,tier1,generated_control,infrastructure,4
_5900_,tier1,generated_control,infrastructure,4
_5901_,tier1,generated_control,infrastructure,5
_5903_,tier1,generated_control,infrastructure,5
_5904_,tier1,generated_control,infrastructure,3
_5905_,tier1,generated_datapath,infrastructure,5
_5906_,tier1,generated_control,infrastructure,5
_5907_,tier1,generated_control,infrastructure,4
_5909_,tier1,generated_control,infrastructure,4
_5910_,tier1,generated_datapath,infrastructure,6
_5911_,tier1,generated_control,infrastructure,4
_5912_,tier1,generated_datapath,infrastructure,5
_5913_,tier1,generated_datapath,infrastructure,5
_5914_,tier1,generated_datapath,infrastructure,5
_5915_,tier1,generated_datapath,infrastructure,5
_5916_,tier1,generated_datapath,infrastructure,6
_5917_,tier1,generated_datapath,infrastructure,6
_5918_,tier1,generated_control,infrastructure,4
_5919_,tier1,generated_control,infrastructure,4
_5920_,tier1,generated_control,infrastructure,4
_5922_,tier1,generated_control,infrastructure,4
_5923_,tier1,generated_control,infrastructure,4
_5926_,tier1,execute_alu,datapath,5
_5927_,tier1,execute_alu,datapath,3
_5928_,tier1,execute_alu,datapath,5
_5929_,tier1,execute_alu,datapath,5
_5930_,tier1,generated_control,infrastructure,5
_5931_,tier1,generated_datapath,infrastructure,5
_5932_,tier1,execute_alu,datapath,5
_5933_,tier1,generated_control,infrastructure,4
_5934_,tier1,generated_control,infrastructure,5
_5935_,tier1,execute_alu,datapath,7
_5936_,tier1,generated_control,infrastructure,4
_5938_,tier1,execute_alu,datapath,5
_5939_,tier1,execute_alu,datapath,5
_5940_,tier1,generated_datapath,infrastructure,5
_5941_,tier1,execute_alu,datapath,3
_5944_,tier1,execute_alu,datapath,6
_5945_,tier1,generated_control,infrastructure,4
_5946_,tier1,generated_control,infrastructure,4
_5947_,tier1,execute_alu,datapath,5
_5948_,tier1,execute_alu,datapath,5
_5949_,tier1,generated_datapath,infrastructure,5
_5950_,tier1,generated_control,infrastructure,4
_5951_,tier1,generated_datapath,infrastructure,6
_5952_,tier1,generated_control,infrastructure,4
_5953_,tier1,execute_alu,datapath,5
_5954_,tier1,generated_datapath,infrastructure,7
_5955_,tier1,execute_alu,datapath,4
_5956_,tier1,execute_alu,datapath,4
_5957_,tier1,generated_datapath,infrastructure,5
_5958_,tier1,generated_control,infrastructure,4
_5960_,tier1,execute_alu,datapath,5
_5961_,tier1,execute_alu,datapath,5
_5962_,tier1,execute_alu,datapath,5
_5963_,tier1,generated_datapath,infrastructure,5
_5964_,tier1,execute_alu,datapath,5
_5965_,tier1,execute_alu,datapath,4
_5966_,tier1,generated_control,infrastructure,4
_5967_,tier1,unclassified,infrastructure,7
_5968_,tier1,execute_alu,datapath,4
_5969_,tier1,execute_alu,datapath,4
_5970_,tier1,generated_datapath,infrastructure,5
_5971_,tier1,execute_alu,datapath,5
_5972_,tier1,execute_alu,datapath,5
_5973_,tier1,unclassified,infrastructure,7
_5974_,tier1,execute_alu,datapath,4
_5975_,tier1,generated_datapath,infrastructure,5
_5978_,tier1,execute_alu,datapath,5
_5980_,tier1,generated_datapath,infrastructure,6
_5981_,tier1,generated_datapath,infrastructure,5
_5983_,tier1,generated_control,infrastructure,3
_5986_,tier1,generated_control,infrastructure,5
_5989_,tier1,execute_alu,datapath,5
_5992_,tier1,generated_control,infrastructure,3
_5993_,tier1,generated_control,infrastructure,4
_5994_,tier1,generated_control,infrastructure,4
_5995_,tier1,generated_datapath,infrastructure,7
_5996_,tier1,generated_control,infrastructure,4
_5997_,tier1,generated_control,infrastructure,4
_5998_,tier1,generated_control,infrastructure,5
_5999_,tier1,generated_datapath,infrastructure,5
_6000_,tier1,generated_control,infrastructure,4
_6001_,tier1,generated_control,infrastructure,4
_6002_,tier1,generated_control,infrastructure,4
_6003_,tier1,generated_datapath,infrastructure,6
_6004_,tier1,generated_control,infrastructure,3
_6005_,tier1,generated_control,infrastructure,5
_6008_,tier1,generated_control,infrastructure,5
_6009_,tier1,generated_control,infrastructure,5
_6010_,tier1,generated_control,infrastructure,4
_6011_,tier1,generated_datapath,infrastructure,5
_6012_,tier1,generated_datapath,infrastructure,5
_6013_,tier1,generated_datapath,infrastructure,8
_6014_,tier1,generated_datapath,infrastructure,6
_6015_,tier1,generated_datapath,infrastructure,5
_6016_,tier1,generated_control,infrastructure,4
_6017_,tier1,generated_datapath,infrastructure,5
_6021_,tier1,generated_control,infrastructure,4
_6022_,tier1,generated_control,infrastructure,4
_6023_,tier1,generated_control,infrastructure,5
_6024_,tier1,generated_control,infrastructure,4
_6026_,tier1,generated_datapath,infrastructure,7
_6027_,tier1,generated_datapath,infrastructure,6
_6028_,tier1,generated_control,infrastructure,4
_6029_,tier1,generated_control,infrastructure,4
_6030_,tier1,generated_datapath,infrastructure,6
_6031_,tier1,generated_control,infrastructure,4
_6034_,tier1,generated_control,infrastructure,5
_6035_,tier1,generated_control,infrastructure,5
_6036_,tier1,generated_datapath,infrastructure,6
_6037_,tier1,generated_datapath,infrastructure,7
_6038_,tier1,generated_control,infrastructure,5
_6039_,tier1,unclassified,infrastructure,6
_6042_,tier1,generated_control,infrastructure,5
_6043_,tier1,execute_alu,datapath,3
_6045_,tier1,generated_control,infrastructure,5
_6047_,tier1,generated_control,infrastructure,5
_6049_,tier1,generated_control,infrastructure,5
_6050_,tier1,generated_control,infrastructure,4
_6052_,tier1,generated_control,infrastructure,4
_6053_,tier1,generated_datapath,infrastructure,5
_6054_,tier1,generated_datapath,infrastructure,6
_6055_,tier1,generated_control,infrastructure,4
_6056_,tier1,generated_datapath,infrastructure,5
_6058_,tier1,generated_control,infrastructure,5
_6059_,tier1,generated_control,infrastructure,4
_6060_,tier1,generated_datapath,infrastructure,5
_6064_,tier1,generated_control,infrastructure,4
_6066_,tier1,generated_control,infrastructure,5
_6067_,tier1,generated_control,infrastructure,5
_6068_,tier1,generated_control,infrastructure,5
_6069_,tier1,generated_control,infrastructure,4
_6071_,tier1,generated_control,infrastructure,5
_6073_,tier1,generated_control,infrastructure,5
_6076_,tier1,generated_control,infrastructure,5
_6077_,tier1,generated_datapath,infrastructure,5
_6078_,tier1,generated_control,infrastructure,4
_6082_,tier1,generated_control,infrastructure,5
_6083_,tier1,generated_control,infrastructure,4
_6084_,tier1,generated_datapath,infrastructure,5
_6088_,tier1,generated_datapath,infrastructure,5
_6089_,tier1,generated_datapath,infrastructure,6
_6091_,tier1,generated_control,infrastructure,4
_6092_,tier1,generated_datapath,infrastructure,5
_6095_,tier1,generated_datapath,infrastructure,5
_6096_,tier1,generated_datapath,infrastructure,5
_6099_,tier1,generated_control,infrastructure,4
_6100_,tier1,generated_control,infrastructure,5
_6101_,tier1,generated_datapath,infrastructure,5
_6102_,tier1,generated_datapath,infrastructure,5
_6103_,tier1,generated_control,infrastructure,5
_6104_,tier1,generated_control,infrastructure,5
_6105_,tier1,generated_control,infrastructure,5
_6106_,tier1,generated_control,infrastructure,5
_6107_,tier1,generated_control,infrastructure,5
_6108_,tier1,generated_control,infrastructure,5
_6109_,tier1,generated_control,infrastructure,5
_6110_,tier1,generated_control,infrastructure,5
_6111_,tier1,generated_control,infrastructure,5
_6112_,tier1,generated_control,infrastructure,5
_6114_,tier1,generated_control,infrastructure,5
_6115_,tier1,generated_control,infrastructure,5
_6116_,tier1,generated_control,infrastructure,4
_6120_,tier1,generated_control,infrastructure,4
_6122_,tier1,generated_datapath,infrastructure,5
_6124_,tier1,generated_control,infrastructure,3
_6126_,tier1,clock_reset,control,3
_6127_,tier1,generated_control,infrastructure,4
_6129_,tier1,generated_control,infrastructure,4
_6130_,tier1,generated_datapath,infrastructure,5
_6131_,tier1,unclassified,infrastructure,7
_6132_,tier1,generated_datapath,infrastructure,5
_6133_,tier1,generated_datapath,infrastructure,5
_6134_,tier1,unclassified,infrastructure,6
_6135_,tier1,generated_datapath,infrastructure,6
_6136_,tier1,generated_control,infrastructure,5
_6137_,tier1,generated_control,infrastructure,4
_6139_,tier1,generated_control,infrastructure,3
_6142_,tier1,generated_datapath,infrastructure,5
_6143_,tier1,generated_control,infrastructure,4
_6144_,tier1,generated_control,infrastructure,3
_6145_,tier1,generated_control,infrastructure,5
_6146_,tier1,generated_datapath,infrastructure,5
_6147_,tier1,generated_control,infrastructure,5
_6148_,tier1,generated_control,infrastructure,5
_6149_,tier1,generated_control,infrastructure,3
_6150_,tier1,execute_alu,datapath,5
_6151_,tier1,generated_datapath,infrastructure,5
_6152_,tier1,generated_datapath,infrastructure,5
_6153_,tier1,generated_control,infrastructure,5
_6154_,tier1,generated_datapath,infrastructure,5
_6155_,tier1,generated_datapath,infrastructure,5
_6156_,tier1,generated_control,infrastructure,4
_6157_,tier1,generated_control,infrastructure,5
_6158_,tier1,generated_datapath,infrastructure,5
_6159_,tier1,generated_datapath,infrastructure,5
_6160_,tier1,generated_datapath,infrastructure,5
_6161_,tier1,unclassified,infrastructure,6
_6162_,tier1,generated_control,infrastructure,3
_6163_,tier1,generated_datapath,infrastructure,5
_6164_,tier1,generated_control,infrastructure,4
_6165_,tier1,unclassified,infrastructure,6
_6166_,tier1,generated_control,infrastructure,6
_6167_,tier1,generated_control,infrastructure,6
_6168_,tier1,generated_control,infrastructure,4
_6169_,tier1,generated_control,infrastructure,5
_6170_,tier1,generated_datapath,infrastructure,7
_6171_,tier1,generated_control,infrastructure,5
_6172_,tier1,generated_control,infrastructure,4
_6173_,tier1,generated_control,infrastructure,4
_6174_,tier1,generated_control,infrastructure,5
_6175_,tier1,generated_control,infrastructure,5
_6176_,tier1,execute_alu,datapath,5
_6177_,tier1,generated_datapath,infrastructure,5
_6178_,tier1,generated_control,infrastructure,4
_6179_,tier1,generated_control,infrastructure,4
_6180_,tier1,unclassified,infrastructure,6
_6181_,tier1,unclassified,infrastructure,6
_6182_,tier1,execute_alu,datapath,4
_6183_,tier1,execute_alu,datapath,5
_6184_,tier1,generated_datapath,infrastructure,6
_6185_,tier1,generated_datapath,infrastructure,5
_6186_,tier1,generated_control,infrastructure,5
_6187_,tier1,generated_control,infrastructure,5
_6188_,tier1,generated_control,infrastructure,5
_6189_,tier1,generated_control,infrastructure,5
_6191_,tier1,generated_control,infrastructure,5
_6193_,tier1,generated_control,infrastructure,5
_6194_,tier1,generated_control,infrastructure,5
_6195_,tier1,generated_control,infrastructure,4
_6196_,tier1,generated_control,infrastructure,4
_6197_,tier1,generated_datapath,infrastructure,5
_6201_,tier1,generated_datapath,infrastructure,5
_6203_,tier1,execute_alu,datapath,4
_6204_,tier1,generated_control,infrastructure,4
_6205_,tier1,generated_control,infrastructure,5
_6206_,tier1,generated_datapath,infrastructure,6
_6208_,tier1,generated_datapath,infrastructure,6
_6209_,tier1,generated_datapath,infrastructure,5
_6210_,tier1,generated_control,infrastructure,5
_6211_,tier1,generated_control,infrastructure,5
_6212_,tier1,generated_datapath,infrastructure,5
_6213_,tier1,generated_datapath,infrastructure,5
_6214_,tier1,generated_datapath,infrastructure,5
_6215_,tier1,generated_datapath,infrastructure,5
_6216_,tier1,generated_control,infrastructure,5
_6217_,tier1,generated_control,infrastructure,5
_6218_,tier1,generated_control,infrastructure,5
_6219_,tier1,generated_control,infrastructure,5
_6220_,tier1,generated_control,infrastructure,5
_6221_,tier1,generated_control,infrastructure,5
_6222_,tier1,generated_control,infrastructure,4
_6223_,tier1,generated_datapath,infrastructure,5
_6228_,tier1,execute_alu,datapath,5
_6229_,tier1,generated_datapath,infrastructure,5
_6230_,tier1,generated_control,infrastructure,5
_6231_,tier1,generated_datapath,infrastructure,5
_6232_,tier1,generated_control,infrastructure,4
_6233_,tier1,generated_datapath,infrastructure,5
_6234_,tier1,generated_datapath,infrastructure,5
_6235_,tier1,generated_datapath,infrastructure,5
_6236_,tier1,generated_control,infrastructure,4
_6237_,tier1,generated_datapath,infrastructure,5
_6238_,tier1,unclassified,infrastructure,7
_6239_,tier1,generated_control,infrastructure,4
_6240_,tier1,generated_control,infrastructure,4
_6241_,tier1,generated_datapath,infrastructure,7
_6242_,tier1,execute_alu,datapath,5
_6243_,tier1,unclassified,infrastructure,6
_6245_,tier1,execute_alu,datapath,5
_6247_,tier1,generated_datapath,infrastructure,6
_6248_,tier1,generated_control,infrastructure,3
_6249_,tier1,generated_control,infrastructure,3
_6250_,tier1,generated_datapath,infrastructure,5
_6251_,tier1,generated_datapath,infrastructure,5
_6252_,tier1,generated_datapath,infrastructure,5
_6253_,tier1,generated_datapath,infrastructure,4
_6254_,tier1,generated_control,infrastructure,4
_6255_,tier1,generated_datapath,infrastructure,6
_6260_,tier1,generated_control,infrastructure,5
_6261_,tier1,generated_control,infrastructure,5
_6262_,tier1,generated_control,infrastructure,4
_6263_,tier1,generated_control,infrastructure,4
_6264_,tier1,generated_control,infrastructure,4
_6265_,tier1,unclassified,infrastructure,7
_6266_,tier1,generated_datapath,infrastructure,5
_6267_,tier1,generated_control,infrastructure,5
_6268_,tier1,generated_control,infrastructure,5
_6269_,tier1,generated_control,infrastructure,5
_6270_,tier1,generated_control,infrastructure,5
_6271_,tier1,generated_control,infrastructure,5
_6272_,tier1,generated_control,infrastructure,4
_6273_,tier1,generated_datapath,infrastructure,5
_6274_,tier1,generated_control,infrastructure,4
_6275_,tier1,generated_control,infrastructure,5
_6276_,tier1,generated_control,infrastructure,5
_6277_,tier1,generated_control,infrastructure,4
_6278_,tier1,generated_control,infrastructure,4
_6279_,tier1,generated_datapath,infrastructure,6
_6280_,tier1,generated_control,infrastructure,4
_6281_,tier1,generated_datapath,infrastructure,6
_6282_,tier1,generated_control,infrastructure,5
_6283_,tier1,generated_control,infrastructure,5
_6284_,tier1,generated_control,infrastructure,5
_6285_,tier1,generated_control,infrastructure,5
_6286_,tier1,generated_control,infrastructure,5
_6287_,tier1,clock_reset,control,3
_6288_,tier1,generated_control,infrastructure,4
_6289_,tier1,generated_control,infrastructure,4
_6290_,tier1,generated_control,infrastructure,5
_6291_,tier1,generated_control,infrastructure,5
_6292_,tier1,generated_control,infrastructure,5
_6293_,tier1,generated_control,infrastructure,5
_6294_,tier1,generated_control,infrastructure,5
_6295_,tier1,generated_control,infrastructure,4
_6296_,tier1,generated_control,infrastructure,5
_6297_,tier1,generated_datapath,infrastructure,7
_6298_,tier1,generated_control,infrastructure,4
_6300_,tier1,generated_control,infrastructure,5
_6301_,tier1,generated_control,infrastructure,5
_6302_,tier1,generated_control,infrastructure,5
_6303_,tier1,generated_control,infrastructure,5
_6304_,tier1,generated_control,infrastructure,5
_6305_,tier1,generated_datapath,infrastructure,5
_6306_,tier1,generated_control,infrastructure,5
_6307_,tier1,generated_control,infrastructure,5
_6308_,tier1,generated_control,infrastructure,5
_6309_,tier1,generated_control,infrastructure,5
_6310_,tier1,generated_control,infrastructure,5
_6311_,tier1,generated_control,infrastructure,5
_6312_,tier1,generated_control,infrastructure,8
_6313_,tier1,generated_control,infrastructure,4
_6314_,tier1,generated_datapath,infrastructure,5
_6315_,tier1,generated_control,infrastructure,4
_6316_,tier1,generated_datapath,infrastructure,5
_6317_,tier1,generated_control,infrastructure,5
_6318_,tier1,generated_datapath,infrastructure,6
_6319_,tier1,generated_datapath,infrastructure,5
_6320_,tier1,generated_control,infrastructure,4
_6321_,tier1,generated_datapath,infrastructure,7
_6322_,tier1,generated_datapath,infrastructure,5
_6323_,tier1,generated_datapath,infrastructure,5
_6324_,tier1,generated_control,infrastructure,4
_6326_,tier1,generated_datapath,infrastructure,4
_6328_,tier1,generated_control,infrastructure,5
_6330_,tier1,generated_datapath,infrastructure,6
_6331_,tier1,generated_datapath,infrastructure,5
_6332_,tier1,unclassified,infrastructure,7
_6333_,tier1,generated_control,infrastructure,5
_6334_,tier1,generated_datapath,infrastructure,5
_6335_,tier1,generated_control,infrastructure,5
_6336_,tier1,generated_control,infrastructure,5
_6337_,tier1,generated_control,infrastructure,5
_6338_,tier1,generated_control,infrastructure,8
_6339_,tier1,generated_datapath,infrastructure,5
_6340_,tier1,generated_datapath,infrastructure,5
_6341_,tier1,generated_control,infrastructure,5
_6342_,tier1,generated_control,infrastructure,4
_6343_,tier1,generated_control,infrastructure,5
_6344_,tier1,generated_datapath,infrastructure,5
_6345_,tier1,generated_datapath,infrastructure,5
_6346_,tier1,generated_datapath,infrastructure,5
_6347_,tier1,generated_datapath,infrastructure,5
_6348_,tier1,generated_datapath,infrastructure,4
_6349_,tier1,generated_control,infrastructure,5
_6350_,tier1,generated_datapath,infrastructure,6
_6351_,tier1,generated_datapath,infrastructure,5
_6353_,tier1,unclassified,infrastructure,6
_6354_,tier1,generated_control,infrastructure,4
_6355_,tier1,generated_control,infrastructure,4
_6356_,tier1,generated_datapath,infrastructure,5
_6357_,tier1,generated_datapath,infrastructure,5
_6358_,tier1,generated_datapath,infrastructure,4
_6359_,tier1,generated_control,infrastructure,5
_6360_,tier1,generated_datapath,infrastructure,6
_6361_,tier1,generated_datapath,infrastructure,5
_6363_,tier1,generated_control,infrastructure,5
_6364_,tier1,generated_control,infrastructure,5
_6365_,tier1,generated_control,infrastructure,4
_6366_,tier1,generated_datapath,infrastructure,6
_6367_,tier1,generated_datapath,infrastructure,7
_6369_,tier1,generated_control,infrastructure,4
_6370_,tier1,generated_control,infrastructure,4
_6371_,tier1,generated_control,infrastructure,4
_6372_,tier1,generated_control,infrastructure,5
_6373_,tier1,generated_control,infrastructure,4
_6374_,tier1,generated_datapath,infrastructure,5
_6375_,tier1,generated_control,infrastructure,8
_6376_,tier1,generated_control,infrastructure,4
_6377_,tier1,generated_control,infrastructure,4
_6378_,tier1,generated_datapath,infrastructure,6
_6379_,tier1,generated_control,infrastructure,4
_6380_,tier1,generated_datapath,infrastructure,7
_6381_,tier1,generated_control,infrastructure,5
_6382_,tier1,generated_datapath,infrastructure,5
_6383_,tier1,generated_datapath,infrastructure,5
_6384_,tier1,generated_datapath,infrastructure,6
_6385_,tier1,generated_datapath,infrastructure,6
_6386_,tier1,generated_control,infrastructure,4
_6387_,tier1,generated_control,infrastructure,5
_6388_,tier1,generated_control,infrastructure,5
_6389_,tier1,generated_control,infrastructure,5
_6390_,tier1,generated_control,infrastructure,5
_6391_,tier1,generated_datapath,infrastructure,5
_6392_,tier1,generated_control,infrastructure,4
_6393_,tier1,generated_control,infrastructure,5
_6394_,tier1,generated_control,infrastructure,4
_6395_,tier1,generated_control,infrastructure,4
_6396_,tier1,generated_datapath,infrastructure,6
_6397_,tier1,generated_datapath,infrastructure,5
_6398_,tier1,generated_control,infrastructure,5
_6399_,tier1,generated_control,infrastructure,5
_6400_,tier1,generated_control,infrastructure,5
_6401_,tier1,generated_control,infrastructure,5
_6402_,tier1,generated_datapath,infrastructure,5
_6403_,tier1,generated_control,infrastructure,4
_6404_,tier1,generated_datapath,infrastructure,5
_6405_,tier1,generated_datapath,infrastructure,6
_6406_,tier1,generated_datapath,infrastructure,5
_6407_,tier1,generated_control,infrastructure,4
_6408_,tier1,generated_datapath,infrastructure,4
_6409_,tier1,generated_control,infrastructure,5
_6410_,tier1,generated_datapath,infrastructure,6
_6411_,tier1,generated_datapath,infrastructure,5
_6412_,tier1,unclassified,infrastructure,6
_6413_,tier1,generated_control,infrastructure,4
_6414_,tier1,generated_control,infrastructure,4
_6415_,tier1,generated_control,infrastructure,5
_6416_,tier1,generated_datapath,infrastructure,7
_6417_,tier1,generated_control,infrastructure,4
_6418_,tier1,generated_control,infrastructure,5
_6419_,tier1,generated_control,infrastructure,4
_6420_,tier1,generated_control,infrastructure,5
_6421_,tier1,generated_control,infrastructure,4
_6422_,tier1,unclassified,infrastructure,6
_6423_,tier1,generated_control,infrastructure,4
_6424_,tier1,generated_datapath,infrastructure,5
_6425_,tier1,generated_control,infrastructure,4
_6426_,tier1,generated_control,infrastructure,5
_6427_,tier1,generated_control,infrastructure,5
_6428_,tier1,generated_control,infrastructure,5
_6429_,tier1,generated_control,infrastructure,4
_6430_,tier1,generated_datapath,infrastructure,6
_6431_,tier1,generated_datapath,infrastructure,6
_6432_,tier1,generated_datapath,infrastructure,4
_6433_,tier1,generated_control,infrastructure,5
_6434_,tier1,generated_datapath,infrastructure,6
_6435_,tier1,generated_datapath,infrastructure,5
_6436_,tier1,generated_control,infrastructure,4
_6437_,tier1,generated_datapath,infrastructure,5
_6438_,tier1,generated_control,infrastructure,5
_6439_,tier1,generated_control,infrastructure,4
_6440_,tier1,generated_datapath,infrastructure,5
_6441_,tier1,generated_control,infrastructure,5
_6442_,tier1,generated_control,infrastructure,5
_6443_,tier1,generated_control,infrastructure,5
_6444_,tier1,generated_datapath,infrastructure,5
_6445_,tier1,generated_datapath,infrastructure,6
_6446_,tier1,generated_datapath,infrastructure,5
_6447_,tier1,generated_datapath,infrastructure,5
_6448_,tier1,generated_control,infrastructure,4
_6449_,tier1,generated_datapath,infrastructure,5
_6450_,tier1,generated_control,infrastructure,4
_6451_,tier1,generated_datapath,infrastructure,6
_6452_,tier1,generated_datapath,infrastructure,7
_6453_,tier1,unclassified,infrastructure,6
_6454_,tier1,generated_datapath,infrastructure,6
_6455_,tier1,generated_control,infrastructure,4
_6456_,tier1,generated_control,infrastructure,5
_6457_,tier1,generated_datapath,infrastructure,6
_6458_,tier1,generated_datapath,infrastructure,5
_6459_,tier1,generated_datapath,infrastructure,6
_6460_,tier1,generated_control,infrastructure,5
_6461_,tier1,generated_datapath,infrastructure,5
_6462_,tier1,generated_control,infrastructure,5
_6463_,tier1,generated_control,infrastructure,5
_6464_,tier1,generated_control,infrastructure,5
_6465_,tier1,generated_datapath,infrastructure,6
_6466_,tier1,generated_control,infrastructure,5
_6467_,tier1,unclassified,infrastructure,6
_6468_,tier1,generated_control,infrastructure,5
_6469_,tier1,generated_control,infrastructure,4
_6470_,tier1,generated_datapath,infrastructure,7
_6471_,tier1,generated_datapath,infrastructure,6
_6472_,tier1,generated_control,infrastructure,4
_6473_,tier1,generated_datapath,infrastructure,4
_6474_,tier1,generated_control,infrastructure,5
_6475_,tier1,generated_datapath,infrastructure,6
_6476_,tier1,generated_datapath,infrastructure,5
_6477_,tier1,unclassified,infrastructure,6
_6478_,tier1,generated_control,infrastructure,5
_6479_,tier1,generated_control,infrastructure,5
_6480_,tier1,generated_control,infrastructure,5
_6481_,tier1,generated_control,infrastructure,4
_6482_,tier1,generated_control,infrastructure,4
_6483_,tier1,generated_datapath,infrastructure,6
_6484_,tier1,generated_datapath,infrastructure,5
_6485_,tier1,generated_control,infrastructure,5
_6486_,tier1,generated_datapath,infrastructure,5
_6487_,tier1,generated_control,infrastructure,4
_6488_,tier1,generated_control,infrastructure,4
_6489_,tier1,generated_datapath,infrastructure,7
_6490_,tier1,generated_datapath,infrastructure,4
_6491_,tier1,generated_control,infrastructure,5
_6492_,tier1,generated_datapath,infrastructure,6
_6493_,tier1,generated_datapath,infrastructure,5
_6494_,tier1,generated_datapath,infrastructure,6
_6495_,tier1,generated_control,infrastructure,3
_6496_,tier1,generated_datapath,infrastructure,5
_6497_,tier1,generated_datapath,infrastructure,5
_6498_,tier1,generated_datapath,infrastructure,4
_6499_,tier1,generated_control,infrastructure,5
_6500_,tier1,generated_datapath,infrastructure,6
_6501_,tier1,generated_datapath,infrastructure,5
_6502_,tier1,execute_alu,datapath,3
_6503_,tier1,generated_control,infrastructure,6
_6504_,tier1,generated_datapath,infrastructure,7
_6505_,tier1,generated_control,infrastructure,4
_6506_,tier1,generated_datapath,infrastructure,6
_6507_,tier1,generated_control,infrastructure,4
_6508_,tier1,generated_control,infrastructure,4
_6509_,tier1,generated_control,infrastructure,5
_6510_,tier1,generated_datapath,infrastructure,5
_6511_,tier1,generated_control,infrastructure,4
_6512_,tier1,generated_datapath,infrastructure,5
_6513_,tier1,generated_datapath,infrastructure,5
_6514_,tier1,generated_control,infrastructure,5
_6515_,tier1,generated_control,infrastructure,5
_6516_,tier1,generated_control,infrastructure,5
_6517_,tier1,generated_control,infrastructure,5
_6518_,tier1,generated_control,infrastructure,4
_6519_,tier1,unclassified,infrastructure,6
_6520_,tier1,generated_control,infrastructure,5
_6521_,tier1,generated_datapath,infrastructure,6
_6522_,tier1,generated_control,infrastructure,5
_6523_,tier1,unclassified,infrastructure,7
_6524_,tier1,generated_control,infrastructure,5
_6525_,tier1,generated_datapath,infrastructure,5
_6526_,tier1,generated_control,infrastructure,5
_6527_,tier1,generated_datapath,infrastructure,5
_6528_,tier1,generated_control,infrastructure,5
_6529_,tier1,generated_control,infrastructure,5
_6530_,tier1,generated_control,infrastructure,5
_6531_,tier1,generated_control,infrastructure,4
_6532_,tier1,generated_control,infrastructure,4
_6533_,tier1,generated_control,infrastructure,5
_6534_,tier1,generated_datapath,infrastructure,7
_6535_,tier1,generated_datapath,infrastructure,6
_6536_,tier1,generated_datapath,infrastructure,5
_6537_,tier1,generated_datapath,infrastructure,4
_6539_,tier1,generated_control,infrastructure,5
_6540_,tier1,generated_datapath,infrastructure,6
_6541_,tier1,generated_datapath,infrastructure,5
_6542_,tier1,unclassified,infrastructure,6
_6543_,tier1,generated_datapath,infrastructure,4
_6544_,tier1,generated_control,infrastructure,5
_6545_,tier1,generated_datapath,infrastructure,6
_6546_,tier1,generated_datapath,infrastructure,5
_6547_,tier1,generated_control,infrastructure,5
_6548_,tier1,generated_datapath,infrastructure,7
_6549_,tier1,generated_control,infrastructure,5
_6550_,tier1,generated_datapath,infrastructure,5
_6551_,tier1,generated_datapath,infrastructure,5
_6552_,tier1,generated_control,infrastructure,5
_6553_,tier1,generated_control,infrastructure,5
_6554_,tier1,generated_control,infrastructure,5
_6555_,tier1,generated_control,infrastructure,5
_6556_,tier1,generated_datapath,infrastructure,5
_6557_,tier1,generated_datapath,infrastructure,6
_6558_,tier1,generated_control,infrastructure,5
_6559_,tier1,generated_datapath,infrastructure,5
_6560_,tier1,generated_control,infrastructure,4
_6561_,tier1,generated_datapath,infrastructure,6
_6562_,tier1,generated_control,infrastructure,4
_6563_,tier1,generated_datapath,infrastructure,5
_6564_,tier1,generated_control,infrastructure,5
_6565_,tier1,generated_datapath,infrastructure,5
_6566_,tier1,generated_control,infrastructure,5
_6567_,tier1,generated_control,infrastructure,5
_6568_,tier1,generated_control,infrastructure,5
_6569_,tier1,generated_datapath,infrastructure,5
_6570_,tier1,generated_control,infrastructure,5
_6571_,tier1,generated_control,infrastructure,5
_6572_,tier1,generated_control,infrastructure,5
_6573_,tier1,generated_control,infrastructure,4
_6574_,tier1,generated_datapath,infrastructure,5
_6575_,tier1,generated_datapath,infrastructure,5
_6576_,tier1,execute_alu,datapath,3
_6577_,tier1,generated_control,infrastructure,4
_6578_,tier1,unclassified,infrastructure,6
_6579_,tier1,generated_control,infrastructure,3
_6580_,tier1,generated_control,infrastructure,4
_6581_,tier1,generated_datapath,infrastructure,5
_6582_,tier1,generated_datapath,infrastructure,5
_6583_,tier1,generated_datapath,infrastructure,4
_6584_,tier1,generated_control,infrastructure,5
_6585_,tier1,generated_datapath,infrastructure,6
_6586_,tier1,generated_datapath,infrastructure,5
_6587_,tier1,unclassified,infrastructure,7
_6588_,tier1,generated_datapath,infrastructure,5
_6589_,tier1,generated_control,infrastructure,4
_6590_,tier1,generated_control,infrastructure,4
_6591_,tier1,generated_datapath,infrastructure,6
_6592_,tier1,generated_datapath,infrastructure,5
_6593_,tier1,generated_control,infrastructure,5
_6594_,tier1,generated_control,infrastructure,5
_6595_,tier1,generated_control,infrastructure,5
_6596_,tier1,generated_control,infrastructure,5
_6597_,tier1,generated_datapath,infrastructure,5
_6598_,tier1,generated_control,infrastructure,4
_6599_,tier1,execute_alu,datapath,6
_6600_,tier1,generated_control,infrastructure,4
_6601_,tier1,generated_datapath,infrastructure,5
_6602_,tier1,generated_datapath,infrastructure,4
_6603_,tier1,generated_control,infrastructure,5
_6604_,tier1,generated_datapath,infrastructure,6
_6605_,tier1,generated_datapath,infrastructure,5
_6606_,tier1,generated_control,infrastructure,4
_6607_,tier1,generated_datapath,infrastructure,5
_6608_,tier1,generated_control,infrastructure,5
_6609_,tier1,generated_datapath,infrastructure,6
_6610_,tier1,generated_control,infrastructure,3
_6611_,tier1,generated_datapath,infrastructure,5
_6612_,tier1,generated_datapath,infrastructure,5
_6613_,tier1,generated_datapath,infrastructure,4
_6614_,tier1,generated_control,infrastructure,4
_6615_,tier1,generated_datapath,infrastructure,5
_6616_,tier1,execute_alu,datapath,3
_6617_,tier1,generated_control,infrastructure,5
_6618_,tier1,generated_datapath,infrastructure,5
_6619_,tier1,generated_control,infrastructure,5
_6620_,tier1,generated_control,infrastructure,5
_6621_,tier1,generated_control,infrastructure,5
_6622_,tier1,generated_datapath,infrastructure,5
_6623_,tier1,generated_control,infrastructure,4
_6624_,tier1,generated_datapath,infrastructure,6
_6625_,tier1,generated_datapath,infrastructure,7
_6626_,tier1,generated_control,infrastructure,4
_6627_,tier1,generated_control,infrastructure,5
_6628_,tier1,generated_datapath,infrastructure,5
_6629_,tier1,generated_control,infrastructure,5
_6630_,tier1,generated_control,infrastructure,5
_6631_,tier1,generated_control,infrastructure,4
_6632_,tier1,generated_datapath,infrastructure,8
_6633_,tier1,generated_control,infrastructure,4
_6634_,tier1,generated_control,infrastructure,4
_6635_,tier1,generated_control,infrastructure,4
_6636_,tier1,generated_control,infrastructure,4
_6637_,tier1,unclassified,infrastructure,6
_6638_,tier1,generated_datapath,infrastructure,5
_6639_,tier1,generated_datapath,infrastructure,5
_6640_,tier1,generated_datapath,infrastructure,4
_6641_,tier1,generated_control,infrastructure,4
_6642_,tier1,generated_control,infrastructure,5
_6643_,tier1,generated_datapath,infrastructure,6
_6644_,tier1,generated_datapath,infrastructure,5
_6645_,tier1,generated_datapath,infrastructure,6
_6646_,tier1,execute_alu,datapath,3
_6647_,tier1,generated_control,infrastructure,4
_6648_,tier1,generated_control,infrastructure,5
_6649_,tier1,generated_datapath,infrastructure,5
_6650_,tier1,generated_control,infrastructure,5
_6651_,tier1,generated_control,infrastructure,4
_6652_,tier1,unclassified,infrastructure,7
_6653_,tier1,generated_control,infrastructure,5
_6654_,tier1,generated_control,infrastructure,5
_6655_,tier1,generated_datapath,infrastructure,7
_6656_,tier1,generated_datapath,infrastructure,4
_6657_,tier1,generated_control,infrastructure,5
_6658_,tier1,generated_datapath,infrastructure,6
_6659_,tier1,generated_datapath,infrastructure,5
_6660_,tier1,generated_datapath,infrastructure,6
_6661_,tier1,generated_datapath,infrastructure,4
_6662_,tier1,generated_control,infrastructure,5
_6663_,tier1,generated_datapath,infrastructure,6
_6664_,tier1,generated_datapath,infrastructure,5
_6665_,tier1,generated_control,infrastructure,4
_6666_,tier1,generated_control,infrastructure,5
_6667_,tier1,generated_control,infrastructure,5
_6668_,tier1,generated_control,infrastructure,5
_6669_,tier1,generated_control,infrastructure,5
_6670_,tier1,generated_datapath,infrastructure,5
_6671_,tier1,generated_datapath,infrastructure,6
_6672_,tier1,generated_datapath,infrastructure,7
_6673_,tier1,generated_control,infrastructure,4
_6674_,tier1,generated_control,infrastructure,4
_6675_,tier1,generated_control,infrastructure,5
_6676_,tier1,generated_control,infrastructure,4
_6677_,tier1,generated_datapath,infrastructure,5
_6678_,tier1,generated_datapath,infrastructure,5
_6679_,tier1,generated_control,infrastructure,4
_6680_,tier1,generated_datapath,infrastructure,5
_6681_,tier1,generated_datapath,infrastructure,7
_6682_,tier1,generated_datapath,infrastructure,5
_6683_,tier1,generated_control,infrastructure,4
_6684_,tier1,generated_control,infrastructure,5
_6685_,tier1,generated_datapath,infrastructure,6
_6686_,tier1,generated_datapath,infrastructure,5
_6687_,tier1,generated_datapath,infrastructure,5
_6688_,tier1,generated_datapath,infrastructure,4
_6689_,tier1,generated_control,infrastructure,4
_6690_,tier1,generated_datapath,infrastructure,5
_6691_,tier1,generated_datapath,infrastructure,7
_6692_,tier1,generated_control,infrastructure,4
_6693_,tier1,unclassified,infrastructure,6
_6694_,tier1,generated_control,infrastructure,5
_6695_,tier1,generated_control,infrastructure,5
_6696_,tier1,generated_control,infrastructure,5
_6697_,tier1,generated_datapath,infrastructure,7
_6698_,tier1,generated_datapath,infrastructure,5
_6699_,tier1,generated_control,infrastructure,4
_6700_,tier1,unclassified,infrastructure,7
_6701_,tier1,generated_control,infrastructure,4
_6702_,tier1,generated_datapath,infrastructure,5
_6703_,tier1,generated_datapath,infrastructure,4
_6704_,tier1,generated_control,infrastructure,5
_6705_,tier1,generated_datapath,infrastructure,6
_6706_,tier1,generated_datapath,infrastructure,5
_6707_,tier1,unclassified,infrastructure,6
_6708_,tier1,generated_control,infrastructure,4
_6709_,tier1,generated_control,infrastructure,5
_6710_,tier1,generated_control,infrastructure,5
_6711_,tier1,generated_control,infrastructure,5
_6712_,tier1,generated_control,infrastructure,5
_6713_,tier1,generated_control,infrastructure,4
_6714_,tier1,generated_control,infrastructure,4
_6715_,tier1,generated_datapath,infrastructure,7
_6716_,tier1,generated_datapath,infrastructure,6
_6717_,tier1,generated_datapath,infrastructure,5
_6718_,tier1,generated_datapath,infrastructure,4
_6719_,tier1,generated_datapath,infrastructure,6
_6720_,tier1,generated_datapath,infrastructure,5
_6721_,tier1,generated_control,infrastructure,4
_6722_,tier1,generated_datapath,infrastructure,5
_6723_,tier1,generated_datapath,infrastructure,6
_6724_,tier1,generated_control,infrastructure,4
_6725_,tier1,generated_datapath,infrastructure,5
_6726_,tier1,generated_datapath,infrastructure,4
_6727_,tier1,generated_control,infrastructure,5
_6728_,tier1,generated_datapath,infrastructure,6
_6729_,tier1,generated_datapath,infrastructure,5
_6730_,tier1,generated_control,infrastructure,5
_6731_,tier1,generated_control,infrastructure,5
_6732_,tier1,generated_control,infrastructure,5
_6733_,tier1,generated_control,infrastructure,5
_6734_,tier1,generated_control,infrastructure,4
_6735_,tier1,generated_datapath,infrastructure,5
_6736_,tier1,generated_datapath,infrastructure,5
_6737_,tier1,generated_control,infrastructure,4
_6738_,tier1,generated_datapath,infrastructure,6
_6739_,tier1,generated_datapath,infrastructure,7
_6740_,tier1,generated_control,infrastructure,5
_6741_,tier1,generated_datapath,infrastructure,5
_6742_,tier1,generated_datapath,infrastructure,5
_6743_,tier1,generated_datapath,infrastructure,4
_6744_,tier1,generated_control,infrastructure,4
_6745_,tier1,generated_datapath,infrastructure,7
_6746_,tier1,generated_control,infrastructure,5
_6747_,tier1,generated_control,infrastructure,5
_6748_,tier1,generated_control,infrastructure,4
_6749_,tier1,generated_control,infrastructure,4
_6750_,tier1,generated_control,infrastructure,5
_6751_,tier1,generated_datapath,infrastructure,6
_6752_,tier1,generated_datapath,infrastructure,6
_6753_,tier1,generated_datapath,infrastructure,5
_6754_,tier1,generated_datapath,infrastructure,5
_6755_,tier1,generated_control,infrastructure,4
_6756_,tier1,generated_datapath,infrastructure,7
_6757_,tier1,generated_control,infrastructure,4
_6758_,tier1,generated_control,infrastructure,5
_6759_,tier1,generated_control,infrastructure,5
_6760_,tier1,generated_control,infrastructure,5
_6761_,tier1,generated_control,infrastructure,4
_6762_,tier1,unclassified,infrastructure,6
_6763_,tier1,unclassified,infrastructure,6
_6764_,tier1,generated_datapath,infrastructure,5
_6765_,tier1,generated_datapath,infrastructure,5
_6766_,tier1,generated_control,infrastructure,5
_6767_,tier1,generated_control,infrastructure,4
_6768_,tier1,generated_datapath,infrastructure,4
_6769_,tier1,generated_control,infrastructure,4
_6770_,tier1,generated_datapath,infrastructure,7
_6771_,tier1,generated_datapath,infrastructure,6
_6772_,tier1,generated_control,infrastructure,5
_6773_,tier1,generated_control,infrastructure,4
_6774_,tier1,generated_datapath,infrastructure,4
_6775_,tier1,generated_datapath,infrastructure,5
_6776_,tier1,generated_datapath,infrastructure,5
_6777_,tier1,generated_control,infrastructure,5
_6778_,tier1,generated_control,infrastructure,5
_6779_,tier1,generated_control,infrastructure,4
_6780_,tier1,generated_datapath,infrastructure,6
_6781_,tier1,unclassified,infrastructure,6
_6782_,tier1,generated_datapath,infrastructure,6
_6783_,tier1,generated_datapath,infrastructure,6
_6784_,tier1,generated_datapath,infrastructure,5
_6785_,tier1,generated_datapath,infrastructure,6
_6786_,tier1,generated_control,infrastructure,5
_6787_,tier1,generated_datapath,infrastructure,4
_6788_,tier1,generated_control,infrastructure,4
_6789_,tier1,generated_datapath,infrastructure,7
_6790_,tier1,generated_datapath,infrastructure,5
_6791_,tier1,generated_control,infrastructure,4
_6792_,tier1,generated_control,infrastructure,4
_6793_,tier1,generated_control,infrastructure,5
_6794_,tier1,generated_control,infrastructure,5
_6795_,tier1,generated_control,infrastructure,4
_6796_,tier1,generated_datapath,infrastructure,5
_6797_,tier1,unclassified,infrastructure,6
_6798_,tier1,generated_datapath,infrastructure,6
_6799_,tier1,generated_control,infrastructure,4
_6800_,tier1,generated_datapath,infrastructure,6
_6801_,tier1,execute_alu,datapath,3
_6802_,tier1,generated_control,infrastructure,4
_6803_,tier1,generated_control,infrastructure,5
_6804_,tier1,generated_control,infrastructure,5
_6805_,tier1,generated_control,infrastructure,4
_6806_,tier1,generated_control,infrastructure,5
_6807_,tier1,generated_datapath,infrastructure,5
_6808_,tier1,generated_datapath,infrastructure,5
_6809_,tier1,generated_datapath,infrastructure,6
_6810_,tier1,generated_control,infrastructure,5
_6811_,tier1,generated_datapath,infrastructure,4
_6812_,tier1,generated_datapath,infrastructure,5
_6813_,tier1,generated_datapath,infrastructure,5
_6814_,tier1,generated_datapath,infrastructure,5
_6815_,tier1,generated_datapath,infrastructure,7
_6816_,tier1,execute_alu,datapath,5
_6817_,tier1,generated_control,infrastructure,4
_6818_,tier1,execute_alu,datapath,7
_6819_,tier1,generated_control,infrastructure,5
_6820_,tier1,generated_control,infrastructure,5
_6821_,tier1,generated_control,infrastructure,4
_6822_,tier1,generated_datapath,infrastructure,5
_6823_,tier1,generated_control,infrastructure,5
_6824_,tier1,generated_control,infrastructure,4
_6825_,tier1,generated_datapath,infrastructure,5
_6826_,tier1,generated_datapath,infrastructure,5
_6827_,tier1,generated_datapath,infrastructure,5
_6828_,tier1,execute_alu,datapath,3
_6829_,tier1,generated_datapath,infrastructure,5
_6830_,tier1,generated_datapath,infrastructure,6
_6831_,tier1,generated_control,infrastructure,4
_6832_,tier1,execute_alu,datapath,3
_6833_,tier1,generated_control,infrastructure,4
_6834_,tier1,generated_datapath,infrastructure,6
_6835_,tier1,generated_datapath,infrastructure,6
_6836_,tier1,generated_datapath,infrastructure,6
_6837_,tier1,generated_datapath,infrastructure,6
_6838_,tier1,generated_datapath,infrastructure,5
_6839_,tier1,generated_control,infrastructure,4
_6840_,tier1,unclassified,infrastructure,7
_6841_,tier1,execute_alu,datapath,5
_6842_,tier1,execute_alu,datapath,5
_6843_,tier1,generated_control,infrastructure,5
_6844_,tier1,generated_datapath,infrastructure,6
_6845_,tier1,generated_control,infrastructure,5
_6847_,tier1,generated_control,infrastructure,4
_6848_,tier1,generated_datapath,infrastructure,5
_6849_,tier1,execute_alu,datapath,4
_6850_,tier1,unclassified,infrastructure,6
_6851_,tier1,generated_datapath,infrastructure,4
_6852_,tier1,generated_datapath,infrastructure,4
_6853_,tier1,execute_alu,datapath,5
_6854_,tier1,generated_control,infrastructure,4
_6855_,tier1,execute_alu,datapath,6
_6856_,tier1,unclassified,infrastructure,6
_6857_,tier1,unclassified,infrastructure,6
_6858_,tier1,generated_datapath,infrastructure,6
_6859_,tier1,generated_control,infrastructure,3
_6860_,tier1,generated_control,infrastructure,5
_6861_,tier1,generated_control,infrastructure,4
_6862_,tier1,generated_control,infrastructure,4
_6863_,tier1,generated_control,infrastructure,5
_6864_,tier1,generated_control,infrastructure,6
_6865_,tier1,generated_control,infrastructure,5
_6866_,tier1,generated_control,infrastructure,5
_6867_,tier1,generated_control,infrastructure,4
_6868_,tier1,generated_control,infrastructure,6
_6869_,tier1,generated_control,infrastructure,5
_6870_,tier1,generated_control,infrastructure,5
_6871_,tier1,generated_control,infrastructure,5
_6872_,tier1,generated_control,infrastructure,5
_6873_,tier1,generated_control,infrastructure,4
_6874_,tier1,generated_datapath,infrastructure,4
_6875_,tier1,generated_control,infrastructure,5
_6877_,tier1,generated_control,infrastructure,3
_6878_,tier1,generated_control,infrastructure,4
_6879_,tier1,generated_control,infrastructure,4
_6880_,tier1,generated_datapath,infrastructure,5
_6881_,tier1,generated_control,infrastructure,3
_6882_,tier1,generated_control,infrastructure,3
_6883_,tier1,generated_datapath,infrastructure,5
_6884_,tier1,generated_datapath,infrastructure,5
_6885_,tier1,generated_datapath,infrastructure,5
_6886_,tier1,generated_datapath,infrastructure,5
_6887_,tier1,generated_datapath,infrastructure,5
_6888_,tier1,generated_control,infrastructure,5
_6889_,tier1,generated_datapath,infrastructure,5
_6890_,tier1,generated_datapath,infrastructure,5
_6891_,tier1,generated_control,infrastructure,5
_6892_,tier1,generated_control,infrastructure,4
_6893_,tier1,generated_control,infrastructure,4
_6894_,tier1,generated_datapath,infrastructure,5
_6895_,tier1,unclassified,infrastructure,7
_6896_,tier1,generated_control,infrastructure,5
_6897_,tier1,generated_control,infrastructure,5
_6898_,tier1,generated_datapath,infrastructure,5
_6899_,tier1,generated_datapath,infrastructure,5
_6900_,tier1,generated_control,infrastructure,5
_6901_,tier1,generated_control,infrastructure,4
_6902_,tier1,generated_control,infrastructure,4
_6903_,tier1,unclassified,infrastructure,7
_6904_,tier1,generated_control,infrastructure,5
_6905_,tier1,generated_control,infrastructure,4
_6906_,tier1,unclassified,infrastructure,6
_6907_,tier1,generated_datapath,infrastructure,5
_6908_,tier1,generated_control,infrastructure,5
_6909_,tier1,generated_control,infrastructure,4
_6910_,tier1,generated_control,infrastructure,4
_6911_,tier1,unclassified,infrastructure,7
_6912_,tier1,generated_control,infrastructure,5
_6913_,tier1,generated_control,infrastructure,5
_6914_,tier1,generated_datapath,infrastructure,5
_6915_,tier1,generated_datapath,infrastructure,5
_6916_,tier1,generated_datapath,infrastructure,5
_6917_,tier1,generated_datapath,infrastructure,5
_6918_,tier1,generated_control,infrastructure,4
_6919_,tier1,unclassified,infrastructure,7
_6920_,tier1,generated_datapath,infrastructure,4
_6922_,tier1,generated_control,infrastructure,5
_6923_,tier1,generated_control,infrastructure,3
_6924_,tier1,generated_control,infrastructure,4
_6925_,tier1,generated_control,infrastructure,6
_6926_,tier1,generated_control,infrastructure,4
_6927_,tier1,generated_control,infrastructure,4
_6928_,tier1,generated_control,infrastructure,5
_6929_,tier1,generated_control,infrastructure,5
_6930_,tier1,generated_datapath,infrastructure,4
_6931_,tier1,generated_control,infrastructure,3
_6932_,tier1,generated_datapath,infrastructure,5
_6933_,tier1,generated_datapath,infrastructure,5
_6934_,tier1,generated_datapath,infrastructure,5
_6935_,tier1,generated_datapath,infrastructure,5
_6936_,tier1,generated_datapath,infrastructure,5
_6937_,tier1,generated_control,infrastructure,5
_6938_,tier1,generated_control,infrastructure,5
_6939_,tier1,generated_control,infrastructure,4
_6940_,tier1,generated_datapath,infrastructure,5
_6941_,tier1,generated_datapath,infrastructure,5
_6942_,tier1,generated_control,infrastructure,5
_6943_,tier1,generated_datapath,infrastructure,5
_6944_,tier1,generated_control,infrastructure,4
_6945_,tier1,generated_datapath,infrastructure,5
_6946_,tier1,generated_control,infrastructure,4
_6947_,tier1,generated_control,infrastructure,4
_6948_,tier1,generated_control,infrastructure,5
_6949_,tier1,generated_control,infrastructure,4
_6950_,tier1,generated_control,infrastructure,4
_6951_,tier1,generated_control,infrastructure,5
_6952_,tier1,generated_datapath,infrastructure,6
_6953_,tier1,generated_control,infrastructure,5
_6954_,tier1,generated_datapath,infrastructure,5
_6955_,tier1,generated_control,infrastructure,5
_6956_,tier1,generated_datapath,infrastructure,5
_6957_,tier1,unclassified,infrastructure,6
_6958_,tier1,generated_control,infrastructure,5
_6959_,tier1,generated_control,infrastructure,4
_6960_,tier1,generated_control,infrastructure,4
_6961_,tier1,unclassified,infrastructure,7
_6962_,tier1,generated_control,infrastructure,5
_6963_,tier1,generated_control,infrastructure,5
_6964_,tier1,generated_control,infrastructure,4
_6965_,tier1,generated_datapath,infrastructure,6
_6966_,tier1,generated_datapath,infrastructure,5
_6967_,tier1,generated_datapath,infrastructure,5
_6968_,tier1,generated_datapath,infrastructure,4
_6969_,tier1,generated_control,infrastructure,5
_6970_,tier1,generated_control,infrastructure,4
_6971_,tier1,generated_datapath,infrastructure,4
_6972_,tier1,generated_datapath,infrastructure,5
_6973_,tier1,generated_datapath,infrastructure,5
_6974_,tier1,generated_datapath,infrastructure,4
_6975_,tier1,generated_control,infrastructure,5
_6976_,tier1,generated_control,infrastructure,5
_6977_,tier1,generated_datapath,infrastructure,4
_6978_,tier1,generated_datapath,infrastructure,4
_6979_,tier1,generated_control,infrastructure,5
_6980_,tier1,generated_control,infrastructure,3
_6981_,tier1,generated_control,infrastructure,4
_6982_,tier1,generated_datapath,infrastructure,4
_6983_,tier1,generated_datapath,infrastructure,4
_6984_,tier1,generated_control,infrastructure,5
_6985_,tier1,generated_datapath,infrastructure,4
_6986_,tier1,generated_control,infrastructure,4
_6987_,tier1,generated_datapath,infrastructure,4
_6988_,tier1,generated_control,infrastructure,5
_6989_,tier1,generated_control,infrastructure,4
_6990_,tier1,generated_datapath,infrastructure,4
_6991_,tier1,generated_control,infrastructure,4
_6992_,tier1,generated_datapath,infrastructure,4
_6993_,tier1,generated_control,infrastructure,5
_6994_,tier1,generated_control,infrastructure,5
_6995_,tier1,generated_datapath,infrastructure,4
_6996_,tier1,generated_datapath,infrastructure,5
_6997_,tier1,generated_datapath,infrastructure,4
_6998_,tier1,generated_control,infrastructure,5
_6999_,tier1,generated_control,infrastructure,4
_7000_,tier1,generated_datapath,infrastructure,4
_7001_,tier1,generated_datapath,infrastructure,5
_7002_,tier1,generated_datapath,infrastructure,4
_7003_,tier1,generated_control,infrastructure,5
_7004_,tier1,generated_datapath,infrastructure,4
_7005_,tier1,generated_control,infrastructure,5
_7006_,tier1,generated_datapath,infrastructure,5
_7007_,tier1,generated_datapath,infrastructure,4
_7008_,tier1,generated_control,infrastructure,5
_7009_,tier1,generated_control,infrastructure,4
_7010_,tier1,generated_control,infrastructure,5
_7011_,tier1,generated_datapath,infrastructure,4
_7012_,tier1,generated_control,infrastructure,4
_7013_,tier1,generated_datapath,infrastructure,5
_7014_,tier1,generated_control,infrastructure,4
_7015_,tier1,generated_control,infrastructure,4
_7016_,tier1,generated_datapath,infrastructure,5
_7017_,tier1,generated_control,infrastructure,4
_7018_,tier1,generated_datapath,infrastructure,4
_7020_,tier1,generated_control,infrastructure,5
_7021_,tier1,generated_control,infrastructure,5
_7022_,tier1,generated_datapath,infrastructure,4
_7023_,tier1,generated_control,infrastructure,3
_7024_,tier1,generated_datapath,infrastructure,5
_7025_,tier1,generated_datapath,infrastructure,5
_7026_,tier1,generated_datapath,infrastructure,6
_7027_,tier1,generated_control,infrastructure,5
_7028_,tier1,generated_control,infrastructure,5
_7029_,tier1,generated_control,infrastructure,5
_7030_,tier1,generated_datapath,infrastructure,4
_7031_,tier1,generated_datapath,infrastructure,4
_7032_,tier1,generated_control,infrastructure,5
_7033_,tier1,generated_control,infrastructure,5
_7034_,tier1,generated_datapath,infrastructure,4
_7035_,tier1,generated_datapath,infrastructure,4
_7036_,tier1,generated_control,infrastructure,5
_7037_,tier1,generated_control,infrastructure,5
_7038_,tier1,generated_datapath,infrastructure,4
_7039_,tier1,generated_datapath,infrastructure,4
_7040_,tier1,generated_control,infrastructure,5
_7041_,tier1,generated_datapath,infrastructure,4
_7042_,tier1,generated_control,infrastructure,4
_7043_,tier1,generated_datapath,infrastructure,4
_7044_,tier1,generated_control,infrastructure,5
_7045_,tier1,generated_control,infrastructure,6
_7046_,tier1,generated_datapath,infrastructure,4
_7047_,tier1,generated_control,infrastructure,4
_7048_,tier1,generated_datapath,infrastructure,4
_7049_,tier1,generated_control,infrastructure,5
_7050_,tier1,generated_control,infrastructure,5
_7051_,tier1,generated_datapath,infrastructure,4
_7052_,tier1,generated_control,infrastructure,4
_7053_,tier1,generated_datapath,infrastructure,5
_7054_,tier1,generated_datapath,infrastructure,5
_7055_,tier1,generated_control,infrastructure,4
_7056_,tier1,generated_datapath,infrastructure,4
_7057_,tier1,generated_control,infrastructure,5
_7058_,tier1,generated_control,infrastructure,4
_7059_,tier1,generated_datapath,infrastructure,4
_7060_,tier1,generated_control,infrastructure,4
_7061_,tier1,generated_datapath,infrastructure,5
_7062_,tier1,generated_control,infrastructure,4
_7063_,tier1,generated_datapath,infrastructure,5
_7064_,tier1,generated_control,infrastructure,4
_7065_,tier1,generated_datapath,infrastructure,5
_7066_,tier1,generated_control,infrastructure,4
_7067_,tier1,generated_control,infrastructure,5
_7068_,tier1,generated_datapath,infrastructure,4
_7069_,tier1,generated_control,infrastructure,4
_7070_,tier1,generated_datapath,infrastructure,5
_7071_,tier1,generated_datapath,infrastructure,4
_7072_,tier1,generated_control,infrastructure,5
_7073_,tier1,generated_control,infrastructure,6
_7074_,tier1,generated_datapath,infrastructure,4
_7075_,tier1,generated_datapath,infrastructure,4
_7076_,tier1,generated_control,infrastructure,5
_7077_,tier1,generated_control,infrastructure,5
_7078_,tier1,generated_control,infrastructure,4
_7079_,tier1,generated_datapath,infrastructure,4
_7080_,tier1,generated_control,infrastructure,3
_7081_,tier1,generated_control,infrastructure,4
_7082_,tier1,generated_datapath,infrastructure,5
_7083_,tier1,generated_datapath,infrastructure,5
_7084_,tier1,generated_datapath,infrastructure,4
_7085_,tier1,generated_control,infrastructure,5
_7086_,tier1,generated_datapath,infrastructure,4
_7087_,tier1,generated_datapath,infrastructure,5
_7088_,tier1,generated_datapath,infrastructure,4
_7089_,tier1,generated_control,infrastructure,5
_7090_,tier1,generated_control,infrastructure,4
_7091_,tier1,generated_datapath,infrastructure,4
_7092_,tier1,generated_datapath,infrastructure,4
_7093_,tier1,generated_control,infrastructure,5
_7094_,tier1,generated_control,infrastructure,5
_7095_,tier1,generated_datapath,infrastructure,4
_7096_,tier1,generated_datapath,infrastructure,4
_7097_,tier1,generated_control,infrastructure,5
_7098_,tier1,generated_control,infrastructure,5
_7099_,tier1,generated_datapath,infrastructure,4
_7100_,tier1,generated_datapath,infrastructure,4
_7101_,tier1,generated_control,infrastructure,5
_7102_,tier1,generated_datapath,infrastructure,4
_7103_,tier1,generated_datapath,infrastructure,4
_7104_,tier1,generated_control,infrastructure,5
_7105_,tier1,generated_datapath,infrastructure,4
_7106_,tier1,execute_alu,datapath,5
_7107_,tier1,generated_datapath,infrastructure,4
_7108_,tier1,generated_control,infrastructure,5
_7109_,tier1,generated_control,infrastructure,5
_7110_,tier1,generated_control,infrastructure,4
_7111_,tier1,generated_datapath,infrastructure,5
_7112_,tier1,generated_control,infrastructure,4
_7113_,tier1,unclassified,infrastructure,6
_7115_,tier1,generated_control,infrastructure,3
_7116_,tier1,generated_control,infrastructure,6
_7121_,tier1,generated_datapath,infrastructure,5
_7123_,tier1,generated_datapath,infrastructure,5
_7124_,tier1,generated_datapath,infrastructure,6
_7127_,tier1,generated_datapath,infrastructure,6
_7128_,tier1,execute_alu,datapath,5
_7129_,tier1,generated_datapath,infrastructure,5
_7130_,tier1,generated_datapath,infrastructure,5
_7131_,tier1,generated_control,infrastructure,4
_7132_,tier1,generated_control,infrastructure,4
_7134_,tier1,unclassified,infrastructure,6
_7135_,tier1,generated_control,infrastructure,4
_7136_,tier1,execute_alu,datapath,6
_7140_,tier1,generated_datapath,infrastructure,5
_7141_,tier1,generated_datapath,infrastructure,5
_7142_,tier1,generated_control,infrastructure,4
_7143_,tier1,generated_control,infrastructure,4
_7144_,tier1,unclassified,infrastructure,6
_7145_,tier1,execute_alu,datapath,7
_7146_,tier1,generated_control,infrastructure,4
_7148_,tier1,generated_control,infrastructure,4
_7149_,tier1,generated_control,infrastructure,4
_7150_,tier1,generated_control,infrastructure,4
_7152_,tier1,generated_datapath,infrastructure,5
_7153_,tier1,generated_datapath,infrastructure,5
_7155_,tier1,generated_control,infrastructure,4
_7156_,tier1,generated_datapath,infrastructure,7
_7157_,tier1,execute_alu,datapath,5
_7158_,tier1,generated_datapath,infrastructure,5
_7159_,tier1,generated_datapath,infrastructure,5
_7161_,tier1,generated_datapath,infrastructure,7
_7162_,tier1,execute_alu,datapath,7
_7163_,tier1,generated_datapath,infrastructure,5
_7164_,tier1,generated_datapath,infrastructure,5
_7165_,tier1,generated_datapath,infrastructure,7
_7166_,tier1,execute_alu,datapath,7
_7167_,tier1,generated_datapath,infrastructure,5
_7168_,tier1,generated_datapath,infrastructure,5
_7169_,tier1,generated_control,infrastructure,4
_7170_,tier1,generated_datapath,infrastructure,5
_7171_,tier1,generated_datapath,infrastructure,5
_7172_,tier1,execute_alu,datapath,5
_7173_,tier1,generated_datapath,infrastructure,5
_7174_,tier1,generated_datapath,infrastructure,5
_7175_,tier1,generated_control,infrastructure,4
_7176_,tier1,generated_datapath,infrastructure,6
_7177_,tier1,generated_datapath,infrastructure,5
_7178_,tier1,execute_alu,datapath,7
_7179_,tier1,generated_datapath,infrastructure,5
_7180_,tier1,generated_datapath,infrastructure,5
_7181_,tier1,generated_datapath,infrastructure,7
_7182_,tier1,execute_alu,datapath,7
_7183_,tier1,generated_datapath,infrastructure,5
_7184_,tier1,generated_datapath,infrastructure,5
_7185_,tier1,generated_datapath,infrastructure,7
_7186_,tier1,execute_alu,datapath,7
_7187_,tier1,generated_datapath,infrastructure,5
_7188_,tier1,generated_datapath,infrastructure,5
_7189_,tier1,generated_datapath,infrastructure,7
_7190_,tier1,execute_alu,datapath,7
_7191_,tier1,generated_datapath,infrastructure,5
_7192_,tier1,generated_datapath,infrastructure,5
_7193_,tier1,generated_datapath,infrastructure,7
_7194_,tier1,execute_alu,datapath,7
_7195_,tier1,generated_datapath,infrastructure,5
_7196_,tier1,generated_datapath,infrastructure,5
_7197_,tier1,generated_control,infrastructure,4
_7198_,tier1,generated_control,infrastructure,4
_7199_,tier1,generated_datapath,infrastructure,5
_7200_,tier1,execute_alu,datapath,7
_7201_,tier1,generated_datapath,infrastructure,5
_7202_,tier1,generated_datapath,infrastructure,5
_7203_,tier1,generated_control,infrastructure,4
_7204_,tier1,generated_datapath,infrastructure,7
_7205_,tier1,execute_alu,datapath,5
_7206_,tier1,generated_datapath,infrastructure,6
_7207_,tier1,generated_datapath,infrastructure,5
_7208_,tier1,generated_datapath,infrastructure,5
_7209_,tier1,generated_datapath,infrastructure,5
_7210_,tier1,generated_control,infrastructure,4
_7211_,tier1,execute_alu,datapath,6
_7212_,tier1,generated_datapath,infrastructure,6
_7213_,tier1,generated_control,infrastructure,4
_7215_,tier1,generated_datapath,infrastructure,5
_7216_,tier1,generated_datapath,infrastructure,6
_7217_,tier1,execute_alu,datapath,6
_7218_,tier1,generated_datapath,infrastructure,5
_7219_,tier1,generated_datapath,infrastructure,7
_7220_,tier1,execute_alu,datapath,5
_7221_,tier1,generated_datapath,infrastructure,5
_7222_,tier1,generated_control,infrastructure,4
_7223_,tier1,generated_datapath,infrastructure,5
_7224_,tier1,execute_alu,datapath,7
_7225_,tier1,generated_datapath,infrastructure,6
_7226_,tier1,generated_datapath,infrastructure,5
_7227_,tier1,generated_control,infrastructure,4
_7228_,tier1,generated_datapath,infrastructure,5
_7229_,tier1,execute_alu,datapath,4
_7230_,tier1,generated_control,infrastructure,5
_7231_,tier1,generated_datapath,infrastructure,5
_7232_,tier1,unclassified,infrastructure,7
_7233_,tier1,execute_alu,datapath,5
_7234_,tier1,generated_control,infrastructure,4
_7235_,tier1,generated_datapath,infrastructure,5
_7236_,tier1,generated_datapath,infrastructure,5
_7237_,tier1,execute_alu,datapath,6
_7238_,tier1,generated_datapath,infrastructure,5
_7239_,tier1,generated_datapath,infrastructure,5
_7240_,tier1,execute_alu,datapath,7
_7241_,tier1,generated_datapath,infrastructure,6
_7242_,tier1,generated_control,infrastructure,5
_7243_,tier1,generated_datapath,infrastructure,5
_7244_,tier1,generated_control,infrastructure,4
_7245_,tier1,generated_control,infrastructure,4
_7246_,tier1,generated_control,infrastructure,4
_7247_,tier1,generated_datapath,infrastructure,5
_7248_,tier1,execute_alu,datapath,5
_7249_,tier1,generated_datapath,infrastructure,6
_7250_,tier1,execute_alu,datapath,7
_7251_,tier1,generated_control,infrastructure,5
_7252_,tier1,generated_datapath,infrastructure,6
_7253_,tier1,execute_alu,datapath,7
_7254_,tier1,generated_control,infrastructure,4
_7255_,tier1,generated_control,infrastructure,4
_7256_,tier1,generated_datapath,infrastructure,5
_7257_,tier1,execute_alu,datapath,7
_7258_,tier1,generated_datapath,infrastructure,6
_7259_,tier1,execute_alu,datapath,7
_7260_,tier1,execute_alu,datapath,6
_7261_,tier1,execute_alu,datapath,7
_7262_,tier1,generated_datapath,infrastructure,6
_7263_,tier1,execute_alu,datapath,7
_7264_,tier1,generated_datapath,infrastructure,6
_7265_,tier1,execute_alu,datapath,7
_7266_,tier1,generated_control,infrastructure,4
_7267_,tier1,generated_datapath,infrastructure,6
_7268_,tier1,execute_alu,datapath,7
_7272_,tier1,generated_control,infrastructure,4
_7273_,tier1,generated_control,infrastructure,4
_7274_,tier1,generated_datapath,infrastructure,5
_7275_,tier1,generated_datapath,infrastructure,4
_7276_,tier1,execute_alu,datapath,3
_7277_,tier1,execute_alu,datapath,3
_7279_,tier1,generated_control,infrastructure,4
_7281_,tier1,generated_control,infrastructure,5
_7282_,tier1,generated_datapath,infrastructure,4
_7283_,tier1,execute_alu,datapath,3
_7284_,tier1,execute_alu,datapath,3
_7285_,tier1,generated_control,infrastructure,4
_7286_,tier1,generated_datapath,infrastructure,5
_7288_,tier1,generated_datapath,infrastructure,6
_7289_,tier1,generated_datapath,infrastructure,5
_7290_,tier1,generated_control,infrastructure,4
_7291_,tier1,generated_datapath,infrastructure,5
_7292_,tier1,generated_datapath,infrastructure,4
_7293_,tier1,execute_alu,datapath,3
_7295_,tier1,generated_datapath,infrastructure,5
_7296_,tier1,generated_control,infrastructure,4
_7297_,tier1,generated_control,infrastructure,4
_7298_,tier1,generated_datapath,infrastructure,5
_7299_,tier1,generated_datapath,infrastructure,4
_7300_,tier1,execute_alu,datapath,3
_7301_,tier1,execute_alu,datapath,3
_7303_,tier1,generated_datapath,infrastructure,5
_7304_,tier1,generated_datapath,infrastructure,5
_7305_,tier1,generated_datapath,infrastructure,5
_7306_,tier1,generated_datapath,infrastructure,5
_7307_,tier1,generated_datapath,infrastructure,5
_7308_,tier1,generated_datapath,infrastructure,5
_7309_,tier1,generated_datapath,infrastructure,5
_7310_,tier1,generated_datapath,infrastructure,5
_7311_,tier1,generated_datapath,infrastructure,5
_7312_,tier1,generated_datapath,infrastructure,5
_7313_,tier1,generated_datapath,infrastructure,5
_7315_,tier1,generated_datapath,infrastructure,5
_7316_,tier1,generated_control,infrastructure,4
_7317_,tier1,generated_datapath,infrastructure,7
_7318_,tier1,generated_control,infrastructure,4
_7319_,tier1,generated_datapath,infrastructure,5
_7320_,tier1,generated_datapath,infrastructure,7
_7321_,tier1,generated_control,infrastructure,5
_7322_,tier1,generated_datapath,infrastructure,5
_7323_,tier1,generated_datapath,infrastructure,5
_7324_,tier1,generated_control,infrastructure,5
_7325_,tier1,generated_datapath,infrastructure,5
_7326_,tier1,generated_datapath,infrastructure,5
_7327_,tier1,generated_control,infrastructure,5
_7328_,tier1,generated_datapath,infrastructure,5
_7329_,tier1,generated_datapath,infrastructure,5
_7330_,tier1,generated_control,infrastructure,5
_7331_,tier1,generated_datapath,infrastructure,7
_7332_,tier1,generated_control,infrastructure,5
_7333_,tier1,generated_datapath,infrastructure,7
_7334_,tier1,generated_control,infrastructure,4
_7335_,tier1,generated_datapath,infrastructure,5
_7336_,tier1,generated_control,infrastructure,4
_7337_,tier1,generated_control,infrastructure,4
_7338_,tier1,generated_control,infrastructure,4
_7339_,tier1,generated_control,infrastructure,4
_7340_,tier1,generated_control,infrastructure,3
_7341_,tier1,generated_datapath,infrastructure,5
_7342_,tier1,generated_control,infrastructure,4
_7346_,tier1,generated_control,infrastructure,4
_7347_,tier1,generated_datapath,infrastructure,5
_7348_,tier1,generated_control,infrastructure,4
_7349_,tier1,generated_datapath,infrastructure,5
_7350_,tier1,execute_alu,datapath,3
_7351_,tier1,generated_control,infrastructure,4
_7352_,tier1,generated_datapath,infrastructure,5
_7353_,tier1,generated_control,infrastructure,4
_7354_,tier1,generated_datapath,infrastructure,5
_7355_,tier1,generated_control,infrastructure,4
_7356_,tier1,generated_datapath,infrastructure,5
_7357_,tier1,generated_control,infrastructure,4
_7358_,tier1,generated_datapath,infrastructure,5
_7359_,tier1,generated_control,infrastructure,4
_7360_,tier1,generated_datapath,infrastructure,5
_7361_,tier1,generated_control,infrastructure,4
_7362_,tier1,generated_datapath,infrastructure,5
_7363_,tier1,execute_alu,datapath,3
_7364_,tier1,generated_control,infrastructure,4
_7365_,tier1,generated_datapath,infrastructure,5
_7366_,tier1,execute_alu,datapath,3
_7368_,tier1,generated_control,infrastructure,4
_7369_,tier1,generated_datapath,infrastructure,5
_7370_,tier1,execute_alu,datapath,3
_7372_,tier1,generated_control,infrastructure,4
_7373_,tier1,generated_datapath,infrastructure,5
_7374_,tier1,generated_control,infrastructure,4
_7375_,tier1,generated_datapath,infrastructure,5
_7376_,tier1,execute_alu,datapath,3
_7377_,tier1,generated_control,infrastructure,4
_7378_,tier1,generated_datapath,infrastructure,5
_7379_,tier1,execute_alu,datapath,3
_7380_,tier1,generated_control,infrastructure,4
_7381_,tier1,generated_datapath,infrastructure,5
_7382_,tier1,generated_control,infrastructure,4
_7383_,tier1,generated_datapath,infrastructure,5
_7384_,tier1,generated_control,infrastructure,4
_7385_,tier1,generated_datapath,infrastructure,5
_7386_,tier1,generated_control,infrastructure,4
_7387_,tier1,generated_datapath,infrastructure,5
_7388_,tier1,generated_control,infrastructure,4
_7389_,tier1,generated_datapath,infrastructure,5
_7390_,tier1,generated_control,infrastructure,4
_7391_,tier1,generated_datapath,infrastructure,5
_7393_,tier1,generated_control,infrastructure,4
_7394_,tier1,generated_datapath,infrastructure,5
_7396_,tier1,generated_control,infrastructure,4
_7397_,tier1,generated_datapath,infrastructure,5
_7398_,tier1,execute_alu,datapath,3
_7399_,tier1,generated_control,infrastructure,4
_7400_,tier1,generated_datapath,infrastructure,5
_7401_,tier1,generated_control,infrastructure,4
_7402_,tier1,generated_datapath,infrastructure,5
_7403_,tier1,generated_control,infrastructure,4
_7404_,tier1,generated_datapath,infrastructure,5
_7405_,tier1,generated_control,infrastructure,4
_7406_,tier1,generated_datapath,infrastructure,5
_7407_,tier1,execute_alu,datapath,3
_7408_,tier1,generated_control,infrastructure,4
_7409_,tier1,generated_datapath,infrastructure,5
_7410_,tier1,generated_control,infrastructure,4
_7411_,tier1,generated_datapath,infrastructure,5
_7412_,tier1,execute_alu,datapath,3
_7413_,tier1,generated_control,infrastructure,4
_7414_,tier1,generated_datapath,infrastructure,5
_7415_,tier1,generated_control,infrastructure,4
_7416_,tier1,generated_datapath,infrastructure,5
_7417_,tier1,generated_control,infrastructure,4
_7418_,tier1,generated_datapath,infrastructure,5
_7419_,tier1,generated_control,infrastructure,4
_7420_,tier1,generated_datapath,infrastructure,5
_7421_,tier1,generated_control,infrastructure,4
_7422_,tier1,generated_datapath,infrastructure,5
_7423_,tier1,generated_datapath,infrastructure,4
_7424_,tier1,execute_alu,datapath,3
_7425_,tier1,generated_control,infrastructure,3
_7426_,tier1,generated_control,infrastructure,5
_7427_,tier1,generated_control,infrastructure,5
_7428_,tier1,generated_control,infrastructure,3
_7429_,tier1,generated_datapath,infrastructure,4
_7430_,tier1,execute_alu,datapath,3
_7431_,tier1,generated_control,infrastructure,4
_7432_,tier1,generated_datapath,infrastructure,5
_7433_,tier1,generated_datapath,infrastructure,4
_7434_,tier1,execute_alu,datapath,3
_7435_,tier1,generated_control,infrastructure,4
_7436_,tier1,generated_datapath,infrastructure,5
_7437_,tier1,generated_datapath,infrastructure,4
_7438_,tier1,execute_alu,datapath,3
_7439_,tier1,generated_control,infrastructure,4
_7440_,tier1,generated_datapath,infrastructure,5
_7441_,tier1,generated_datapath,infrastructure,4
_7442_,tier1,execute_alu,datapath,3
_7444_,tier1,generated_control,infrastructure,5
_7445_,tier1,generated_datapath,infrastructure,4
_7446_,tier1,execute_alu,datapath,3
_7447_,tier1,generated_control,infrastructure,5
_7448_,tier1,generated_datapath,infrastructure,4
_7449_,tier1,execute_alu,datapath,3
_7450_,tier1,generated_control,infrastructure,4
_7451_,tier1,generated_datapath,infrastructure,5
_7452_,tier1,generated_datapath,infrastructure,4
_7453_,tier1,execute_alu,datapath,3
_7454_,tier1,generated_control,infrastructure,4
_7455_,tier1,generated_datapath,infrastructure,5
_7456_,tier1,generated_datapath,infrastructure,4
_7457_,tier1,execute_alu,datapath,3
_7458_,tier1,generated_control,infrastructure,5
_7459_,tier1,generated_datapath,infrastructure,4
_7460_,tier1,execute_alu,datapath,3
_7461_,tier1,generated_control,infrastructure,4
_7462_,tier1,generated_datapath,infrastructure,5
_7463_,tier1,generated_datapath,infrastructure,4
_7464_,tier1,execute_alu,datapath,3
_7465_,tier1,generated_control,infrastructure,4
_7466_,tier1,generated_datapath,infrastructure,5
_7467_,tier1,generated_datapath,infrastructure,4
_7468_,tier1,execute_alu,datapath,3
_7469_,tier1,generated_control,infrastructure,3
_7470_,tier1,generated_control,infrastructure,5
_7471_,tier1,generated_datapath,infrastructure,4
_7472_,tier1,execute_alu,datapath,3
_7473_,tier1,generated_control,infrastructure,5
_7474_,tier1,generated_datapath,infrastructure,4
_7475_,tier1,execute_alu,datapath,3
_7476_,tier1,generated_control,infrastructure,5
_7477_,tier1,generated_datapath,infrastructure,4
_7478_,tier1,execute_alu,datapath,3
_7479_,tier1,generated_control,infrastructure,4
_7480_,tier1,generated_datapath,infrastructure,5
_7481_,tier1,generated_datapath,infrastructure,4
_7482_,tier1,execute_alu,datapath,3
_7483_,tier1,generated_datapath,infrastructure,4
_7484_,tier1,execute_alu,datapath,3
_7485_,tier1,generated_control,infrastructure,5
_7486_,tier1,generated_datapath,infrastructure,4
_7487_,tier1,execute_alu,datapath,3
_7488_,tier1,generated_control,infrastructure,5
_7489_,tier1,generated_datapath,infrastructure,4
_7490_,tier1,execute_alu,datapath,3
_7491_,tier1,generated_control,infrastructure,5
_7492_,tier1,generated_datapath,infrastructure,4
_7493_,tier1,execute_alu,datapath,3
_7494_,tier1,generated_control,infrastructure,4
_7495_,tier1,generated_datapath,infrastructure,5
_7496_,tier1,generated_datapath,infrastructure,4
_7497_,tier1,execute_alu,datapath,3
_7498_,tier1,generated_control,infrastructure,5
_7499_,tier1,generated_datapath,infrastructure,4
_7500_,tier1,execute_alu,datapath,3
_7501_,tier1,generated_control,infrastructure,5
_7502_,tier1,generated_datapath,infrastructure,4
_7503_,tier1,execute_alu,datapath,3
_7504_,tier1,generated_control,infrastructure,5
_7505_,tier1,generated_datapath,infrastructure,4
_7506_,tier1,execute_alu,datapath,3
_7507_,tier1,generated_datapath,infrastructure,4
_7508_,tier1,execute_alu,datapath,3
_7509_,tier1,generated_datapath,infrastructure,4
_7510_,tier1,execute_alu,datapath,3
_7511_,tier1,generated_datapath,infrastructure,4
_7512_,tier1,execute_alu,datapath,3
_7513_,tier1,generated_datapath,infrastructure,4
_7514_,tier1,execute_alu,datapath,3
_7515_,tier1,generated_control,infrastructure,4
_7516_,tier1,generated_control,infrastructure,4
_7517_,tier1,generated_control,infrastructure,4
_7518_,tier1,generated_control,infrastructure,4
_7519_,tier1,generated_control,infrastructure,4
_7520_,tier1,generated_control,infrastructure,4
_7521_,tier1,generated_control,infrastructure,4
_7522_,tier1,generated_control,infrastructure,4
_7523_,tier1,generated_control,infrastructure,4
_7524_,tier1,generated_control,infrastructure,4
_7525_,tier1,generated_control,infrastructure,4
_7526_,tier1,generated_control,infrastructure,4
_7527_,tier1,generated_control,infrastructure,4
_7528_,tier1,generated_control,infrastructure,4
_7529_,tier1,generated_control,infrastructure,4
_7530_,tier1,generated_control,infrastructure,4
_7531_,tier1,generated_control,infrastructure,4
_7532_,tier1,generated_control,infrastructure,4
_7533_,tier1,generated_control,infrastructure,4
_7534_,tier1,generated_control,infrastructure,4
_7535_,tier1,generated_control,infrastructure,5
_7536_,tier1,generated_control,infrastructure,4
_7537_,tier1,generated_control,infrastructure,4
_7538_,tier1,generated_control,infrastructure,4
_7539_,tier1,generated_control,infrastructure,4
_7540_,tier1,generated_control,infrastructure,4
_7541_,tier1,generated_control,infrastructure,4
_7542_,tier1,generated_control,infrastructure,4
_7543_,tier1,generated_control,infrastructure,4
_7544_,tier1,generated_control,infrastructure,5
_7545_,tier1,generated_control,infrastructure,3
_7546_,tier1,generated_control,infrastructure,5
_7547_,tier1,generated_control,infrastructure,3
_7548_,tier1,generated_control,infrastructure,3
_7549_,tier1,generated_control,infrastructure,5
_7550_,tier1,generated_control,infrastructure,5
_7551_,tier1,generated_control,infrastructure,4
_7552_,tier1,generated_datapath,infrastructure,5
_7553_,tier1,generated_datapath,infrastructure,5
_7554_,tier1,generated_control,infrastructure,4
_7555_,tier1,generated_control,infrastructure,3
_7556_,tier1,generated_control,infrastructure,5
_7557_,tier1,generated_control,infrastructure,4
_7558_,tier1,generated_control,infrastructure,4
_7559_,tier1,generated_control,infrastructure,4
_7560_,tier1,generated_control,infrastructure,4
_7561_,tier1,generated_control,infrastructure,4
_7562_,tier1,generated_control,infrastructure,4
_7563_,tier1,generated_control,infrastructure,5
_7564_,tier1,generated_control,infrastructure,5
_7565_,tier1,generated_control,infrastructure,4
_7566_,tier1,generated_control,infrastructure,5
_7567_,tier1,generated_control,infrastructure,4
_7568_,tier1,generated_control,infrastructure,5
_7569_,tier1,generated_control,infrastructure,4
_7570_,tier1,generated_control,infrastructure,5
_7571_,tier1,generated_control,infrastructure,4
_7572_,tier1,generated_control,infrastructure,5
_7573_,tier1,generated_control,infrastructure,4
_7574_,tier1,generated_control,infrastructure,4
_7575_,tier1,generated_control,infrastructure,4
_7576_,tier1,generated_control,infrastructure,4
_7577_,tier1,generated_control,infrastructure,4
_7578_,tier1,generated_control,infrastructure,4
_7579_,tier1,generated_control,infrastructure,4
_7580_,tier1,generated_control,infrastructure,4
_7581_,tier1,generated_control,infrastructure,4
_7582_,tier1,generated_control,infrastructure,4
_7583_,tier1,generated_control,infrastructure,4
_7584_,tier1,generated_control,infrastructure,4
_7585_,tier1,generated_control,infrastructure,5
_7586_,tier1,generated_control,infrastructure,4
_7587_,tier1,generated_control,infrastructure,4
_7588_,tier1,generated_control,infrastructure,4
_7589_,tier1,generated_control,infrastructure,4
_7590_,tier1,generated_control,infrastructure,6
_7591_,tier1,generated_control,infrastructure,4
_7592_,tier1,generated_control,infrastructure,4
_7593_,tier1,generated_control,infrastructure,4
_7594_,tier1,generated_control,infrastructure,4
_7595_,tier1,generated_control,infrastructure,4
_7596_,tier1,generated_control,infrastructure,4
_7597_,tier1,generated_control,infrastructure,4
_7598_,tier1,generated_control,infrastructure,4
_7599_,tier1,generated_control,infrastructure,4
_7600_,tier1,generated_control,infrastructure,4
_7601_,tier1,generated_control,infrastructure,5
_7602_,tier1,generated_datapath,infrastructure,4
_7603_,tier1,generated_control,infrastructure,4
_7604_,tier1,generated_datapath,infrastructure,5
_7605_,tier1,generated_datapath,infrastructure,4
_7606_,tier1,generated_datapath,infrastructure,5
_7607_,tier1,generated_datapath,infrastructure,7
_7608_,tier1,generated_datapath,infrastructure,5
_7609_,tier1,generated_datapath,infrastructure,4
_7610_,tier1,generated_control,infrastructure,5
_7611_,tier1,generated_control,infrastructure,3
_7612_,tier1,execute_alu,datapath,4
_7613_,tier1,generated_control,infrastructure,6
_7614_,tier1,generated_datapath,infrastructure,5
_7615_,tier1,execute_alu,datapath,5
_7616_,tier1,execute_alu,datapath,5
_7617_,tier1,generated_control,infrastructure,4
_7618_,tier1,generated_control,infrastructure,4
_7619_,tier1,execute_alu,datapath,4
_7620_,tier1,generated_datapath,infrastructure,5
_7621_,tier1,generated_datapath,infrastructure,5
_7622_,tier1,generated_datapath,infrastructure,6
_7623_,tier1,generated_datapath,infrastructure,5
_7624_,tier1,generated_datapath,infrastructure,5
_7625_,tier1,generated_control,infrastructure,4
_7626_,tier1,generated_datapath,infrastructure,7
_7627_,tier1,execute_alu,datapath,5
_7628_,tier1,execute_alu,datapath,7
_7629_,tier1,execute_alu,datapath,5
_7630_,tier1,generated_datapath,infrastructure,5
_7631_,tier1,generated_datapath,infrastructure,7
_7632_,tier1,generated_datapath,infrastructure,5
_7633_,tier1,generated_datapath,infrastructure,6
_7634_,tier1,generated_datapath,infrastructure,5
_7635_,tier1,generated_datapath,infrastructure,5
_7636_,tier1,generated_datapath,infrastructure,7
_7637_,tier1,generated_datapath,infrastructure,6
_7638_,tier1,execute_alu,datapath,4
_7639_,tier1,generated_control,infrastructure,4
_7640_,tier1,execute_alu,datapath,6
_7641_,tier1,execute_alu,datapath,6
_7642_,tier1,generated_datapath,infrastructure,6
_7643_,tier1,generated_datapath,infrastructure,5
_7644_,tier1,generated_datapath,infrastructure,5
_7645_,tier1,generated_datapath,infrastructure,5
_7646_,tier1,generated_datapath,infrastructure,5
_7647_,tier1,generated_datapath,infrastructure,5
_7648_,tier1,generated_datapath,infrastructure,5
_7649_,tier1,generated_datapath,infrastructure,5
_7650_,tier1,generated_datapath,infrastructure,5
_7651_,tier1,generated_datapath,infrastructure,5
_7652_,tier1,generated_datapath,infrastructure,5
_7653_,tier1,generated_datapath,infrastructure,5
_7654_,tier1,generated_datapath,infrastructure,5
_7655_,tier1,generated_datapath,infrastructure,5
_7656_,tier1,generated_datapath,infrastructure,5
_7657_,tier1,execute_alu,datapath,5
_7658_,tier1,execute_alu,datapath,5
_7659_,tier1,execute_alu,datapath,5
_7660_,tier1,execute_alu,datapath,5
_7661_,tier1,execute_alu,datapath,5
_7662_,tier1,execute_alu,datapath,5
_7663_,tier1,execute_alu,datapath,5
_7664_,tier1,execute_alu,datapath,5
_7665_,tier1,execute_alu,datapath,5
_7666_,tier1,execute_alu,datapath,5
_7667_,tier1,execute_alu,datapath,5
_7668_,tier1,execute_alu,datapath,5
_7669_,tier1,execute_alu,datapath,5
_7670_,tier1,execute_alu,datapath,5
_7671_,tier1,execute_alu,datapath,5
_7672_,tier1,execute_alu,datapath,5
_7673_,tier1,execute_alu,datapath,5
_7674_,tier1,execute_alu,datapath,5
_7675_,tier1,execute_alu,datapath,5
_7676_,tier1,execute_alu,datapath,5
_7677_,tier1,execute_alu,datapath,5
_7678_,tier1,execute_alu,datapath,5
_7679_,tier1,execute_alu,datapath,5
_7680_,tier1,execute_alu,datapath,5
_7681_,tier1,execute_alu,datapath,5
_7682_,tier1,execute_alu,datapath,5
_7683_,tier1,execute_alu,datapath,5
_7684_,tier1,execute_alu,datapath,5
_7685_,tier1,execute_alu,datapath,5
_7686_,tier1,execute_alu,datapath,5
_7687_,tier1,execute_alu,datapath,5
_7688_,tier1,execute_alu,datapath,5
_7689_,tier1,execute_alu,datapath,5
_7690_,tier1,execute_alu,datapath,5
_7691_,tier1,execute_alu,datapath,5
_7692_,tier1,execute_alu,datapath,5
_7693_,tier1,execute_alu,datapath,5
_7694_,tier1,execute_alu,datapath,5
_7695_,tier1,execute_alu,datapath,5
_7696_,tier1,execute_alu,datapath,5
_7697_,tier1,execute_alu,datapath,5
_7698_,tier1,execute_alu,datapath,5
_7699_,tier1,execute_alu,datapath,5
_7700_,tier1,execute_alu,datapath,5
_7701_,tier1,execute_alu,datapath,5
_7702_,tier1,execute_alu,datapath,5
_7703_,tier1,execute_alu,datapath,5
_7704_,tier1,execute_alu,datapath,5
_7705_,tier1,execute_alu,datapath,5
_7706_,tier1,execute_alu,datapath,5
_7707_,tier1,execute_alu,datapath,5
_7708_,tier1,execute_alu,datapath,5
_7709_,tier1,execute_alu,datapath,5
_7710_,tier1,execute_alu,datapath,5
_7711_,tier1,execute_alu,datapath,5
_7712_,tier1,execute_alu,datapath,5
_7713_,tier1,execute_alu,datapath,5
_7714_,tier1,execute_alu,datapath,5
_7715_,tier1,execute_alu,datapath,5
_7716_,tier1,execute_alu,datapath,5
_7717_,tier1,generated_datapath,infrastructure,5
_7718_,tier1,execute_alu,datapath,5
_7719_,tier1,generated_datapath,infrastructure,5
_7720_,tier1,generated_datapath,infrastructure,5
_7721_,tier1,generated_datapath,infrastructure,5
_7722_,tier1,generated_datapath,infrastructure,5
_7723_,tier1,generated_datapath,infrastructure,5
_7724_,tier1,execute_alu,datapath,5
_7725_,tier1,execute_alu,datapath,5
_7726_,tier1,generated_datapath,infrastructure,5
_7727_,tier1,generated_datapath,infrastructure,5
_7728_,tier1,generated_datapath,infrastructure,5
_7729_,tier1,generated_datapath,infrastructure,5
_7730_,tier1,generated_datapath,infrastructure,5
_7731_,tier1,generated_datapath,infrastructure,5
_7732_,tier1,generated_datapath,infrastructure,5
_7733_,tier1,generated_datapath,infrastructure,5
_7734_,tier1,generated_datapath,infrastructure,5
_7735_,tier1,generated_datapath,infrastructure,5
_7736_,tier1,generated_datapath,infrastructure,5
_7737_,tier1,generated_datapath,infrastructure,5
_7738_,tier1,generated_datapath,infrastructure,5
_7739_,tier1,generated_datapath,infrastructure,5
_7740_,tier1,generated_datapath,infrastructure,5
_7741_,tier1,generated_datapath,infrastructure,5
_7742_,tier1,generated_datapath,infrastructure,5
_7743_,tier1,generated_datapath,infrastructure,5
_7744_,tier1,generated_datapath,infrastructure,5
_7745_,tier1,generated_datapath,infrastructure,5
_7746_,tier1,generated_datapath,infrastructure,5
clkbuf_0_clk,tier1,clock_reset,control,3
clkbuf_3_0__f_clk,tier1,clock_reset,control,3
clkbuf_3_1__f_clk,tier0,clock_reset,control,3
clkbuf_3_2__f_clk,tier1,clock_reset,control,3
clkbuf_3_3__f_clk,tier1,clock_reset,control,3
clkbuf_3_4__f_clk,tier0,clock_reset,control,3
clkbuf_3_5__f_clk,tier0,clock_reset,control,3
clkbuf_3_6__f_clk,tier1,clock_reset,control,3
clkbuf_3_7__f_clk,tier0,clock_reset,control,3
clkbuf_leaf_0_clk,tier0,clock_reset,control,3
clkbuf_leaf_100_clk,tier0,clock_reset,control,3
clkbuf_leaf_101_clk,tier0,clock_reset,control,3
clkbuf_leaf_10_clk,tier0,clock_reset,control,3
clkbuf_leaf_11_clk,tier0,clock_reset,control,3
clkbuf_leaf_12_clk,tier0,clock_reset,control,3
clkbuf_leaf_13_clk,tier0,clock_reset,control,3
clkbuf_leaf_14_clk,tier0,clock_reset,control,3
clkbuf_leaf_15_clk,tier0,clock_reset,control,3
clkbuf_leaf_16_clk,tier0,clock_reset,control,3
clkbuf_leaf_17_clk,tier1,clock_reset,control,3
clkbuf_leaf_18_clk,tier0,clock_reset,control,3
clkbuf_leaf_19_clk,tier0,clock_reset,control,3
clkbuf_leaf_1_clk,tier0,clock_reset,control,3
clkbuf_leaf_20_clk,tier0,clock_reset,control,3
clkbuf_leaf_21_clk,tier0,clock_reset,control,3
clkbuf_leaf_22_clk,tier0,clock_reset,control,3
clkbuf_leaf_23_clk,tier0,clock_reset,control,3
clkbuf_leaf_24_clk,tier0,clock_reset,control,3
clkbuf_leaf_25_clk,tier0,clock_reset,control,3
clkbuf_leaf_26_clk,tier0,clock_reset,control,3
clkbuf_leaf_27_clk,tier0,clock_reset,control,3
clkbuf_leaf_28_clk,tier0,clock_reset,control,3
clkbuf_leaf_29_clk,tier0,clock_reset,control,3
clkbuf_leaf_2_clk,tier0,clock_reset,control,3
clkbuf_leaf_30_clk,tier0,clock_reset,control,3
clkbuf_leaf_31_clk,tier0,clock_reset,control,3
clkbuf_leaf_32_clk,tier0,clock_reset,control,3
clkbuf_leaf_33_clk,tier0,clock_reset,control,3
clkbuf_leaf_34_clk,tier0,clock_reset,control,3
clkbuf_leaf_35_clk,tier0,clock_reset,control,3
clkbuf_leaf_36_clk,tier0,clock_reset,control,3
clkbuf_leaf_37_clk,tier0,clock_reset,control,3
clkbuf_leaf_38_clk,tier0,clock_reset,control,3
clkbuf_leaf_39_clk,tier0,clock_reset,control,3
clkbuf_leaf_3_clk,tier0,clock_reset,control,3
clkbuf_leaf_40_clk,tier0,clock_reset,control,3
clkbuf_leaf_41_clk,tier0,clock_reset,control,3
clkbuf_leaf_42_clk,tier0,clock_reset,control,3
clkbuf_leaf_43_clk,tier0,clock_reset,control,3
clkbuf_leaf_44_clk,tier0,clock_reset,control,3
clkbuf_leaf_45_clk,tier0,clock_reset,control,3
clkbuf_leaf_46_clk,tier0,clock_reset,control,3
clkbuf_leaf_47_clk,tier0,clock_reset,control,3
clkbuf_leaf_48_clk,tier0,clock_reset,control,3
clkbuf_leaf_49_clk,tier0,clock_reset,control,3
clkbuf_leaf_4_clk,tier0,clock_reset,control,3
clkbuf_leaf_50_clk,tier0,clock_reset,control,3
clkbuf_leaf_51_clk,tier0,clock_reset,control,3
clkbuf_leaf_52_clk,tier0,clock_reset,control,3
clkbuf_leaf_53_clk,tier0,clock_reset,control,3
clkbuf_leaf_54_clk,tier0,clock_reset,control,3
clkbuf_leaf_55_clk,tier1,clock_reset,control,3
clkbuf_leaf_56_clk,tier1,clock_reset,control,3
clkbuf_leaf_57_clk,tier1,clock_reset,control,3
clkbuf_leaf_58_clk,tier0,clock_reset,control,3
clkbuf_leaf_59_clk,tier0,clock_reset,control,3
clkbuf_leaf_5_clk,tier0,clock_reset,control,3
clkbuf_leaf_60_clk,tier0,clock_reset,control,3
clkbuf_leaf_61_clk,tier0,clock_reset,control,3
clkbuf_leaf_62_clk,tier1,clock_reset,control,3
clkbuf_leaf_63_clk,tier1,clock_reset,control,3
clkbuf_leaf_64_clk,tier1,clock_reset,control,3
clkbuf_leaf_65_clk,tier1,clock_reset,control,3
clkbuf_leaf_66_clk,tier1,clock_reset,control,3
clkbuf_leaf_67_clk,tier1,clock_reset,control,3
clkbuf_leaf_68_clk,tier1,clock_reset,control,3
clkbuf_leaf_69_clk,tier1,clock_reset,control,3
clkbuf_leaf_6_clk,tier0,clock_reset,control,3
clkbuf_leaf_70_clk,tier1,clock_reset,control,3
clkbuf_leaf_71_clk,tier1,clock_reset,control,3
clkbuf_leaf_72_clk,tier1,clock_reset,control,3
clkbuf_leaf_73_clk,tier1,clock_reset,control,3
clkbuf_leaf_74_clk,tier1,clock_reset,control,3
clkbuf_leaf_75_clk,tier1,clock_reset,control,3
clkbuf_leaf_76_clk,tier1,clock_reset,control,3
clkbuf_leaf_77_clk,tier1,clock_reset,control,3
clkbuf_leaf_78_clk,tier1,clock_reset,control,3
clkbuf_leaf_79_clk,tier1,clock_reset,control,3
clkbuf_leaf_7_clk,tier0,clock_reset,control,3
clkbuf_leaf_80_clk,tier1,clock_reset,control,3
clkbuf_leaf_81_clk,tier1,clock_reset,control,3
clkbuf_leaf_82_clk,tier1,clock_reset,control,3
clkbuf_leaf_83_clk,tier1,clock_reset,control,3
clkbuf_leaf_84_clk,tier0,clock_reset,control,3
clkbuf_leaf_85_clk,tier1,clock_reset,control,3
clkbuf_leaf_86_clk,tier0,clock_reset,control,3
clkbuf_leaf_87_clk,tier1,clock_reset,control,3
clkbuf_leaf_88_clk,tier0,clock_reset,control,3
clkbuf_leaf_89_clk,tier1,clock_reset,control,3
clkbuf_leaf_8_clk,tier0,clock_reset,control,3
clkbuf_leaf_90_clk,tier1,clock_reset,control,3
clkbuf_leaf_91_clk,tier1,clock_reset,control,3
clkbuf_leaf_92_clk,tier1,clock_reset,control,3
clkbuf_leaf_93_clk,tier1,clock_reset,control,3
clkbuf_leaf_94_clk,tier1,clock_reset,control,3
clkbuf_leaf_95_clk,tier0,clock_reset,control,3
clkbuf_leaf_96_clk,tier0,clock_reset,control,3
clkbuf_leaf_97_clk,tier0,clock_reset,control,3
clkbuf_leaf_98_clk,tier0,clock_reset,control,3
clkbuf_leaf_99_clk,tier0,clock_reset,control,3
clkbuf_leaf_9_clk,tier0,clock_reset,control,3
clkload0,tier1,clock_reset,control,2
clkload1,tier1,generated_control,infrastructure,2
clkload10,tier1,clock_reset,control,2
clkload11,tier1,clock_reset,control,2
clkload12,tier0,clock_reset,control,2
clkload13,tier0,clock_reset,control,2
clkload14,tier0,clock_reset,control,2
clkload15,tier0,clock_reset,control,2
clkload16,tier0,clock_reset,control,2
clkload17,tier0,clock_reset,control,2
clkload18,tier0,clock_reset,control,2
clkload19,tier0,clock_reset,control,2
clkload2,tier0,clock_reset,control,2
clkload20,tier0,clock_reset,control,2
clkload21,tier0,clock_reset,control,2
clkload22,tier0,clock_reset,control,2
clkload23,tier0,clock_reset,control,2
clkload24,tier0,generated_control,infrastructure,2
clkload25,tier0,clock_reset,control,2
clkload26,tier0,clock_reset,control,2
clkload27,tier0,clock_reset,control,2
clkload28,tier0,clock_reset,control,2
clkload29,tier1,clock_reset,control,2
clkload3,tier1,clock_reset,control,2
clkload30,tier1,generated_control,infrastructure,2
clkload31,tier1,clock_reset,control,2
clkload32,tier1,generated_control,infrastructure,2
clkload33,tier1,clock_reset,control,2
clkload34,tier1,clock_reset,control,2
clkload35,tier1,clock_reset,control,2
clkload36,tier1,clock_reset,control,2
clkload37,tier1,clock_reset,control,2
clkload38,tier1,clock_reset,control,2
clkload39,tier1,clock_reset,control,2
clkload4,tier0,clock_reset,control,2
clkload40,tier1,clock_reset,control,2
clkload41,tier1,clock_reset,control,2
clkload42,tier1,clock_reset,control,2
clkload43,tier1,clock_reset,control,2
clkload44,tier1,generated_control,infrastructure,2
clkload45,tier1,generated_control,infrastructure,2
clkload46,tier1,clock_reset,control,2
clkload47,tier1,clock_reset,control,2
clkload48,tier1,clock_reset,control,2
clkload49,tier1,clock_reset,control,2
clkload5,tier0,clock_reset,control,2
clkload50,tier1,clock_reset,control,2
clkload51,tier1,clock_reset,control,2
clkload52,tier1,clock_reset,control,2
clkload53,tier1,clock_reset,control,2
clkload54,tier0,clock_reset,control,2
clkload55,tier0,clock_reset,control,2
clkload56,tier0,clock_reset,control,2
clkload57,tier0,clock_reset,control,2
clkload58,tier0,generated_control,infrastructure,2
clkload59,tier0,clock_reset,control,2
clkload6,tier0,clock_reset,control,2
clkload60,tier0,clock_reset,control,2
clkload61,tier0,clock_reset,control,2
clkload62,tier0,generated_control,infrastructure,2
clkload63,tier0,clock_reset,control,2
clkload64,tier0,clock_reset,control,2
clkload65,tier0,clock_reset,control,2
clkload66,tier0,clock_reset,control,2
clkload67,tier0,generated_control,infrastructure,2
clkload68,tier0,clock_reset,control,2
clkload69,tier0,clock_reset,control,2
clkload7,tier0,clock_reset,control,2
clkload70,tier0,generated_control,infrastructure,2
clkload71,tier0,generated_control,infrastructure,2
clkload72,tier0,clock_reset,control,2
clkload73,tier0,clock_reset,control,2
clkload74,tier0,clock_reset,control,2
clkload75,tier0,clock_reset,control,2
clkload76,tier0,clock_reset,control,2
clkload77,tier0,generated_control,infrastructure,2
clkload78,tier0,clock_reset,control,2
clkload79,tier0,generated_control,infrastructure,2
clkload8,tier1,clock_reset,control,2
clkload80,tier0,clock_reset,control,2
clkload81,tier0,clock_reset,control,2
clkload82,tier0,clock_reset,control,2
clkload83,tier1,clock_reset,control,2
clkload84,tier1,clock_reset,control,2
clkload85,tier1,clock_reset,control,2
clkload86,tier1,generated_control,infrastructure,2
clkload87,tier0,clock_reset,control,2
clkload88,tier1,clock_reset,control,2
clkload89,tier0,clock_reset,control,2
clkload9,tier0,clock_reset,control,2
clkload90,tier1,clock_reset,control,2
clone1759,tier0,generated_control,infrastructure,3
clone1895,tier0,clock_reset,control,3
clone1896,tier0,generated_control,infrastructure,3
clone2085,tier0,execute_alu,datapath,3
clone2086,tier0,execute_alu,datapath,3
clone2171,tier0,clock_reset,control,3
clone2172,tier0,execute_alu,datapath,3
clone2331,tier0,clock_reset,control,3
clone2575,tier0,clock_reset,control,3
clone2664,tier0,execute_alu,datapath,3
dp.pcreg.q[0]$_DFFE_PP0P_,tier1,pipeline_state,control,6
dp.pcreg.q[10]$_DFF_PP0_,tier1,pipeline_state,control,6
dp.pcreg.q[11]$_DFF_PP0_,tier1,pipeline_state,control,6
dp.pcreg.q[12]$_DFF_PP0_,tier1,pipeline_state,control,6
dp.pcreg.q[13]$_DFF_PP0_,tier1,pipeline_state,control,6
dp.pcreg.q[14]$_DFF_PP0_,tier1,pipeline_state,control,6
dp.pcreg.q[15]$_DFF_PP0_,tier1,pipeline_state,control,6
dp.pcreg.q[16]$_DFF_PP0_,tier1,pipeline_state,control,6
dp.pcreg.q[17]$_DFF_PP0_,tier1,pipeline_state,control,6
dp.pcreg.q[18]$_DFF_PP0_,tier1,pipeline_state,control,6
dp.pcreg.q[19]$_DFF_PP0_,tier1,pipeline_state,control,6
dp.pcreg.q[1]$_DFFE_PP0P_,tier1,pipeline_state,control,6
dp.pcreg.q[20]$_DFF_PP0_,tier1,pipeline_state,control,6
dp.pcreg.q[21]$_DFF_PP0_,tier1,pipeline_state,control,6
dp.pcreg.q[22]$_DFF_PP0_,tier1,pipeline_state,control,6
dp.pcreg.q[23]$_DFF_PP0_,tier1,pipeline_state,control,6
dp.pcreg.q[24]$_DFF_PP0_,tier1,pipeline_state,control,6
dp.pcreg.q[25]$_DFF_PP0_,tier1,pipeline_state,control,6
dp.pcreg.q[26]$_DFF_PP0_,tier1,pipeline_state,control,6
dp.pcreg.q[27]$_DFF_PP0_,tier1,pipeline_state,control,6
dp.pcreg.q[28]$_DFF_PP0_,tier1,pipeline_state,control,6
dp.pcreg.q[29]$_DFF_PP0_,tier1,pipeline_state,control,6
dp.pcreg.q[2]$_DFF_PP0_,tier1,pipeline_state,control,6
dp.pcreg.q[30]$_DFF_PP0_,tier1,pipeline_state,control,6
dp.pcreg.q[31]$_DFF_PP0_,tier1,pipeline_state,control,6
dp.pcreg.q[3]$_DFF_PP0_,tier1,pipeline_state,control,6
dp.pcreg.q[4]$_DFF_PP0_,tier1,pipeline_state,control,6
dp.pcreg.q[5]$_DFF_PP0_,tier1,pipeline_state,control,6
dp.pcreg.q[6]$_DFF_PP0_,tier1,pipeline_state,control,6
dp.pcreg.q[7]$_DFF_PP0_,tier1,pipeline_state,control,6
dp.pcreg.q[8]$_DFF_PP0_,tier1,pipeline_state,control,6
dp.pcreg.q[9]$_DFF_PP0_,tier1,pipeline_state,control,6
dp.rf.rf[0][0]$_DFFE_PP_,tier1,pipeline_state,control,6
dp.rf.rf[0][0]$_DFFE_PP__1,tier1,unclassified,infrastructure,2
dp.rf.rf[0][10]$_DFFE_PP_,tier1,pipeline_state,control,6
dp.rf.rf[0][10]$_DFFE_PP__2,tier1,unclassified,infrastructure,2
dp.rf.rf[0][11]$_DFFE_PP_,tier1,pipeline_state,control,6
dp.rf.rf[0][11]$_DFFE_PP__3,tier1,unclassified,infrastructure,2
dp.rf.rf[0][12]$_DFFE_PP_,tier1,pipeline_state,control,6
dp.rf.rf[0][12]$_DFFE_PP__4,tier1,unclassified,infrastructure,2
dp.rf.rf[0][13]$_DFFE_PP_,tier1,pipeline_state,control,6
dp.rf.rf[0][13]$_DFFE_PP__5,tier1,unclassified,infrastructure,2
dp.rf.rf[0][14]$_DFFE_PP_,tier1,pipeline_state,control,6
dp.rf.rf[0][14]$_DFFE_PP__6,tier1,unclassified,infrastructure,2
dp.rf.rf[0][15]$_DFFE_PP_,tier1,pipeline_state,control,6
dp.rf.rf[0][15]$_DFFE_PP__7,tier1,unclassified,infrastructure,2
dp.rf.rf[0][16]$_DFFE_PP_,tier0,pipeline_state,control,6
dp.rf.rf[0][16]$_DFFE_PP__8,tier0,unclassified,infrastructure,2
dp.rf.rf[0][17]$_DFFE_PP_,tier0,pipeline_state,control,6
dp.rf.rf[0][17]$_DFFE_PP__9,tier0,unclassified,infrastructure,2
dp.rf.rf[0][18]$_DFFE_PP_,tier1,pipeline_state,control,6
dp.rf.rf[0][18]$_DFFE_PP__10,tier1,unclassified,infrastructure,2
dp.rf.rf[0][19]$_DFFE_PP_,tier1,pipeline_state,control,6
dp.rf.rf[0][19]$_DFFE_PP__11,tier1,unclassified,infrastructure,2
dp.rf.rf[0][1]$_DFFE_PP_,tier1,execute_alu,datapath,6
dp.rf.rf[0][1]$_DFFE_PP__12,tier1,unclassified,infrastructure,2
dp.rf.rf[0][20]$_DFFE_PP_,tier0,pipeline_state,control,6
dp.rf.rf[0][20]$_DFFE_PP__13,tier0,unclassified,infrastructure,2
dp.rf.rf[0][21]$_DFFE_PP_,tier1,pipeline_state,control,6
dp.rf.rf[0][21]$_DFFE_PP__14,tier1,unclassified,infrastructure,2
dp.rf.rf[0][22]$_DFFE_PP_,tier1,pipeline_state,control,6
dp.rf.rf[0][22]$_DFFE_PP__15,tier1,unclassified,infrastructure,2
dp.rf.rf[0][23]$_DFFE_PP_,tier1,pipeline_state,control,6
dp.rf.rf[0][23]$_DFFE_PP__16,tier1,unclassified,infrastructure,2
dp.rf.rf[0][24]$_DFFE_PP_,tier1,pipeline_state,control,6
dp.rf.rf[0][24]$_DFFE_PP__17,tier1,unclassified,infrastructure,2
dp.rf.rf[0][25]$_DFFE_PP_,tier0,pipeline_state,control,6
dp.rf.rf[0][25]$_DFFE_PP__18,tier1,unclassified,infrastructure,2
dp.rf.rf[0][26]$_DFFE_PP_,tier1,pipeline_state,control,6
dp.rf.rf[0][26]$_DFFE_PP__19,tier1,unclassified,infrastructure,2
dp.rf.rf[0][27]$_DFFE_PP_,tier1,pipeline_state,control,6
dp.rf.rf[0][27]$_DFFE_PP__20,tier1,unclassified,infrastructure,2
dp.rf.rf[0][28]$_DFFE_PP_,tier0,pipeline_state,control,6
dp.rf.rf[0][28]$_DFFE_PP__21,tier0,unclassified,infrastructure,2
dp.rf.rf[0][29]$_DFFE_PP_,tier0,pipeline_state,control,6
dp.rf.rf[0][29]$_DFFE_PP__22,tier1,unclassified,infrastructure,2
dp.rf.rf[0][2]$_DFFE_PP_,tier1,execute_alu,datapath,6
dp.rf.rf[0][2]$_DFFE_PP__23,tier1,unclassified,infrastructure,2
dp.rf.rf[0][30]$_DFFE_PP_,tier0,pipeline_state,control,6
dp.rf.rf[0][30]$_DFFE_PP__24,tier0,unclassified,infrastructure,2
dp.rf.rf[0][31]$_DFFE_PP_,tier1,pipeline_state,control,6
dp.rf.rf[0][31]$_DFFE_PP__25,tier1,unclassified,infrastructure,2
dp.rf.rf[0][3]$_DFFE_PP_,tier1,pipeline_state,control,6
dp.rf.rf[0][3]$_DFFE_PP__26,tier1,unclassified,infrastructure,2
dp.rf.rf[0][4]$_DFFE_PP_,tier1,execute_alu,datapath,6
dp.rf.rf[0][4]$_DFFE_PP__27,tier1,unclassified,infrastructure,2
dp.rf.rf[0][5]$_DFFE_PP_,tier1,pipeline_state,control,6
dp.rf.rf[0][5]$_DFFE_PP__28,tier1,unclassified,infrastructure,2
dp.rf.rf[0][6]$_DFFE_PP_,tier1,pipeline_state,control,6
dp.rf.rf[0][6]$_DFFE_PP__29,tier1,unclassified,infrastructure,2
dp.rf.rf[0][7]$_DFFE_PP_,tier0,execute_alu,datapath,6
dp.rf.rf[0][7]$_DFFE_PP__30,tier1,unclassified,infrastructure,2
dp.rf.rf[0][8]$_DFFE_PP_,tier0,pipeline_state,control,6
dp.rf.rf[0][8]$_DFFE_PP__31,tier1,unclassified,infrastructure,2
dp.rf.rf[0][9]$_DFFE_PP_,tier1,pipeline_state,control,6
dp.rf.rf[0][9]$_DFFE_PP__32,tier1,unclassified,infrastructure,2
dp.rf.rf[10][0]$_DFFE_PP_,tier1,pipeline_state,control,6
dp.rf.rf[10][10]$_DFFE_PP_,tier1,pipeline_state,control,6
dp.rf.rf[10][11]$_DFFE_PP_,tier0,pipeline_state,control,6
dp.rf.rf[10][12]$_DFFE_PP_,tier1,pipeline_state,control,6
dp.rf.rf[10][13]$_DFFE_PP_,tier1,pipeline_state,control,6
dp.rf.rf[10][14]$_DFFE_PP_,tier1,pipeline_state,control,6
dp.rf.rf[10][15]$_DFFE_PP_,tier1,pipeline_state,control,6
dp.rf.rf[10][16]$_DFFE_PP_,tier0,pipeline_state,control,6
dp.rf.rf[10][17]$_DFFE_PP_,tier0,pipeline_state,control,6
dp.rf.rf[10][18]$_DFFE_PP_,tier0,pipeline_state,control,6
dp.rf.rf[10][19]$_DFFE_PP_,tier0,pipeline_state,control,6
dp.rf.rf[10][1]$_DFFE_PP_,tier1,execute_alu,datapath,6
dp.rf.rf[10][20]$_DFFE_PP_,tier0,pipeline_state,control,6
dp.rf.rf[10][21]$_DFFE_PP_,tier0,pipeline_state,control,6
dp.rf.rf[10][22]$_DFFE_PP_,tier0,pipeline_state,control,6
dp.rf.rf[10][23]$_DFFE_PP_,tier0,pipeline_state,control,6
dp.rf.rf[10][24]$_DFFE_PP_,tier0,pipeline_state,control,6
dp.rf.rf[10][25]$_DFFE_PP_,tier0,pipeline_state,control,6
dp.rf.rf[10][26]$_DFFE_PP_,tier0,pipeline_state,control,6
dp.rf.rf[10][27]$_DFFE_PP_,tier0,pipeline_state,control,6
dp.rf.rf[10][28]$_DFFE_PP_,tier0,pipeline_state,control,6
dp.rf.rf[10][29]$_DFFE_PP_,tier0,pipeline_state,control,6
dp.rf.rf[10][2]$_DFFE_PP_,tier1,execute_alu,datapath,6
dp.rf.rf[10][30]$_DFFE_PP_,tier0,pipeline_state,control,6
dp.rf.rf[10][31]$_DFFE_PP_,tier0,pipeline_state,control,6
dp.rf.rf[10][3]$_DFFE_PP_,tier0,pipeline_state,control,6
dp.rf.rf[10][4]$_DFFE_PP_,tier1,execute_alu,datapath,6
dp.rf.rf[10][5]$_DFFE_PP_,tier0,pipeline_state,control,6
dp.rf.rf[10][6]$_DFFE_PP_,tier0,pipeline_state,control,6
dp.rf.rf[10][7]$_DFFE_PP_,tier0,execute_alu,datapath,6
dp.rf.rf[10][8]$_DFFE_PP_,tier0,pipeline_state,control,6
dp.rf.rf[10][9]$_DFFE_PP_,tier1,pipeline_state,control,6
dp.rf.rf[11][0]$_DFFE_PP_,tier1,pipeline_state,control,6
dp.rf.rf[11][10]$_DFFE_PP_,tier1,pipeline_state,control,6
dp.rf.rf[11][11]$_DFFE_PP_,tier0,pipeline_state,control,6
dp.rf.rf[11][12]$_DFFE_PP_,tier1,pipeline_state,control,6
dp.rf.rf[11][13]$_DFFE_PP_,tier1,pipeline_state,control,6
dp.rf.rf[11][14]$_DFFE_PP_,tier1,pipeline_state,control,6
dp.rf.rf[11][15]$_DFFE_PP_,tier1,pipeline_state,control,6
dp.rf.rf[11][16]$_DFFE_PP_,tier0,pipeline_state,control,6
dp.rf.rf[11][17]$_DFFE_PP_,tier0,pipeline_state,control,6
dp.rf.rf[11][18]$_DFFE_PP_,tier0,pipeline_state,control,6
dp.rf.rf[11][19]$_DFFE_PP_,tier0,pipeline_state,control,6
dp.rf.rf[11][1]$_DFFE_PP_,tier1,execute_alu,datapath,6
dp.rf.rf[11][20]$_DFFE_PP_,tier0,pipeline_state,control,6
dp.rf.rf[11][21]$_DFFE_PP_,tier0,pipeline_state,control,6
dp.rf.rf[11][22]$_DFFE_PP_,tier0,pipeline_state,control,6
dp.rf.rf[11][23]$_DFFE_PP_,tier0,pipeline_state,control,6
dp.rf.rf[11][24]$_DFFE_PP_,tier0,pipeline_state,control,6
dp.rf.rf[11][25]$_DFFE_PP_,tier0,pipeline_state,control,6
dp.rf.rf[11][26]$_DFFE_PP_,tier0,pipeline_state,control,6
dp.rf.rf[11][27]$_DFFE_PP_,tier0,pipeline_state,control,6
dp.rf.rf[11][28]$_DFFE_PP_,tier0,pipeline_state,control,6
dp.rf.rf[11][29]$_DFFE_PP_,tier0,pipeline_state,control,6
dp.rf.rf[11][2]$_DFFE_PP_,tier1,execute_alu,datapath,6
dp.rf.rf[11][30]$_DFFE_PP_,tier0,pipeline_state,control,6
dp.rf.rf[11][31]$_DFFE_PP_,tier0,pipeline_state,control,6
dp.rf.rf[11][3]$_DFFE_PP_,tier0,pipeline_state,control,6
dp.rf.rf[11][4]$_DFFE_PP_,tier1,execute_alu,datapath,6
dp.rf.rf[11][5]$_DFFE_PP_,tier0,pipeline_state,control,6
dp.rf.rf[11][6]$_DFFE_PP_,tier0,pipeline_state,control,6
dp.rf.rf[11][7]$_DFFE_PP_,tier0,execute_alu,datapath,6
dp.rf.rf[11][8]$_DFFE_PP_,tier0,pipeline_state,control,6
dp.rf.rf[11][9]$_DFFE_PP_,tier1,pipeline_state,control,6
dp.rf.rf[12][0]$_DFFE_PP_,tier1,pipeline_state,control,6
dp.rf.rf[12][10]$_DFFE_PP_,tier1,pipeline_state,control,6
dp.rf.rf[12][11]$_DFFE_PP_,tier0,pipeline_state,control,6
dp.rf.rf[12][12]$_DFFE_PP_,tier1,pipeline_state,control,6
dp.rf.rf[12][13]$_DFFE_PP_,tier1,pipeline_state,control,6
dp.rf.rf[12][14]$_DFFE_PP_,tier1,pipeline_state,control,6
dp.rf.rf[12][15]$_DFFE_PP_,tier1,pipeline_state,control,6
dp.rf.rf[12][16]$_DFFE_PP_,tier0,pipeline_state,control,6
dp.rf.rf[12][17]$_DFFE_PP_,tier0,pipeline_state,control,6
dp.rf.rf[12][18]$_DFFE_PP_,tier0,pipeline_state,control,6
dp.rf.rf[12][19]$_DFFE_PP_,tier0,pipeline_state,control,6
dp.rf.rf[12][1]$_DFFE_PP_,tier1,execute_alu,datapath,6
dp.rf.rf[12][20]$_DFFE_PP_,tier0,pipeline_state,control,6
dp.rf.rf[12][21]$_DFFE_PP_,tier0,pipeline_state,control,6
dp.rf.rf[12][22]$_DFFE_PP_,tier0,pipeline_state,control,6
dp.rf.rf[12][23]$_DFFE_PP_,tier0,pipeline_state,control,6
dp.rf.rf[12][24]$_DFFE_PP_,tier0,pipeline_state,control,6
dp.rf.rf[12][25]$_DFFE_PP_,tier0,pipeline_state,control,6
dp.rf.rf[12][26]$_DFFE_PP_,tier0,pipeline_state,control,6
dp.rf.rf[12][27]$_DFFE_PP_,tier0,pipeline_state,control,6
dp.rf.rf[12][28]$_DFFE_PP_,tier0,pipeline_state,control,6
dp.rf.rf[12][29]$_DFFE_PP_,tier0,pipeline_state,control,6
dp.rf.rf[12][2]$_DFFE_PP_,tier1,execute_alu,datapath,6
dp.rf.rf[12][30]$_DFFE_PP_,tier0,pipeline_state,control,6
dp.rf.rf[12][31]$_DFFE_PP_,tier0,pipeline_state,control,6
dp.rf.rf[12][3]$_DFFE_PP_,tier0,pipeline_state,control,6
dp.rf.rf[12][4]$_DFFE_PP_,tier1,execute_alu,datapath,6
dp.rf.rf[12][5]$_DFFE_PP_,tier0,pipeline_state,control,6
dp.rf.rf[12][6]$_DFFE_PP_,tier0,pipeline_state,control,6
dp.rf.rf[12][7]$_DFFE_PP_,tier0,execute_alu,datapath,6
dp.rf.rf[12][8]$_DFFE_PP_,tier0,pipeline_state,control,6
dp.rf.rf[12][9]$_DFFE_PP_,tier1,pipeline_state,control,6
dp.rf.rf[13][0]$_DFFE_PP_,tier1,pipeline_state,control,6
dp.rf.rf[13][10]$_DFFE_PP_,tier1,pipeline_state,control,6
dp.rf.rf[13][11]$_DFFE_PP_,tier0,pipeline_state,control,6
dp.rf.rf[13][12]$_DFFE_PP_,tier1,pipeline_state,control,6
dp.rf.rf[13][13]$_DFFE_PP_,tier1,pipeline_state,control,6
dp.rf.rf[13][14]$_DFFE_PP_,tier1,pipeline_state,control,6
dp.rf.rf[13][15]$_DFFE_PP_,tier1,pipeline_state,control,6
dp.rf.rf[13][16]$_DFFE_PP_,tier0,pipeline_state,control,6
dp.rf.rf[13][17]$_DFFE_PP_,tier0,pipeline_state,control,6
dp.rf.rf[13][18]$_DFFE_PP_,tier0,pipeline_state,control,6
dp.rf.rf[13][19]$_DFFE_PP_,tier0,pipeline_state,control,6
dp.rf.rf[13][1]$_DFFE_PP_,tier1,execute_alu,datapath,6
dp.rf.rf[13][20]$_DFFE_PP_,tier0,pipeline_state,control,6
dp.rf.rf[13][21]$_DFFE_PP_,tier0,pipeline_state,control,6
dp.rf.rf[13][22]$_DFFE_PP_,tier0,pipeline_state,control,6
dp.rf.rf[13][23]$_DFFE_PP_,tier0,pipeline_state,control,6
dp.rf.rf[13][24]$_DFFE_PP_,tier0,pipeline_state,control,6
dp.rf.rf[13][25]$_DFFE_PP_,tier0,pipeline_state,control,6
dp.rf.rf[13][26]$_DFFE_PP_,tier0,pipeline_state,control,6
dp.rf.rf[13][27]$_DFFE_PP_,tier0,pipeline_state,control,6
dp.rf.rf[13][28]$_DFFE_PP_,tier0,pipeline_state,control,6
dp.rf.rf[13][29]$_DFFE_PP_,tier0,pipeline_state,control,6
dp.rf.rf[13][2]$_DFFE_PP_,tier1,execute_alu,datapath,6
dp.rf.rf[13][30]$_DFFE_PP_,tier0,pipeline_state,control,6
dp.rf.rf[13][31]$_DFFE_PP_,tier0,pipeline_state,control,6
dp.rf.rf[13][3]$_DFFE_PP_,tier0,pipeline_state,control,6
dp.rf.rf[13][4]$_DFFE_PP_,tier1,execute_alu,datapath,6
dp.rf.rf[13][5]$_DFFE_PP_,tier0,pipeline_state,control,6
dp.rf.rf[13][6]$_DFFE_PP_,tier0,pipeline_state,control,6
dp.rf.rf[13][7]$_DFFE_PP_,tier0,execute_alu,datapath,6
dp.rf.rf[13][8]$_DFFE_PP_,tier0,pipeline_state,control,6
dp.rf.rf[13][9]$_DFFE_PP_,tier1,pipeline_state,control,6
dp.rf.rf[14][0]$_DFFE_PP_,tier1,pipeline_state,control,6
dp.rf.rf[14][10]$_DFFE_PP_,tier1,pipeline_state,control,6
dp.rf.rf[14][11]$_DFFE_PP_,tier0,pipeline_state,control,6
dp.rf.rf[14][12]$_DFFE_PP_,tier1,pipeline_state,control,6
dp.rf.rf[14][13]$_DFFE_PP_,tier1,pipeline_state,control,6
dp.rf.rf[14][14]$_DFFE_PP_,tier1,pipeline_state,control,6
dp.rf.rf[14][15]$_DFFE_PP_,tier1,pipeline_state,control,6
dp.rf.rf[14][16]$_DFFE_PP_,tier0,pipeline_state,control,6
dp.rf.rf[14][17]$_DFFE_PP_,tier0,pipeline_state,control,6
dp.rf.rf[14][18]$_DFFE_PP_,tier0,pipeline_state,control,6
dp.rf.rf[14][19]$_DFFE_PP_,tier0,pipeline_state,control,6
dp.rf.rf[14][1]$_DFFE_PP_,tier1,execute_alu,datapath,6
dp.rf.rf[14][20]$_DFFE_PP_,tier0,pipeline_state,control,6
dp.rf.rf[14][21]$_DFFE_PP_,tier0,pipeline_state,control,6
dp.rf.rf[14][22]$_DFFE_PP_,tier0,pipeline_state,control,6
dp.rf.rf[14][23]$_DFFE_PP_,tier0,pipeline_state,control,6
dp.rf.rf[14][24]$_DFFE_PP_,tier0,pipeline_state,control,6
dp.rf.rf[14][25]$_DFFE_PP_,tier0,pipeline_state,control,6
dp.rf.rf[14][26]$_DFFE_PP_,tier0,pipeline_state,control,6
dp.rf.rf[14][27]$_DFFE_PP_,tier0,pipeline_state,control,6
dp.rf.rf[14][28]$_DFFE_PP_,tier0,pipeline_state,control,6
dp.rf.rf[14][29]$_DFFE_PP_,tier0,pipeline_state,control,6
dp.rf.rf[14][2]$_DFFE_PP_,tier1,execute_alu,datapath,6
dp.rf.rf[14][30]$_DFFE_PP_,tier0,pipeline_state,control,6
dp.rf.rf[14][31]$_DFFE_PP_,tier0,pipeline_state,control,6
dp.rf.rf[14][3]$_DFFE_PP_,tier0,pipeline_state,control,6
dp.rf.rf[14][4]$_DFFE_PP_,tier1,execute_alu,datapath,6
dp.rf.rf[14][5]$_DFFE_PP_,tier0,pipeline_state,control,6
dp.rf.rf[14][6]$_DFFE_PP_,tier0,pipeline_state,control,6
dp.rf.rf[14][7]$_DFFE_PP_,tier0,execute_alu,datapath,6
dp.rf.rf[14][8]$_DFFE_PP_,tier0,pipeline_state,control,6
dp.rf.rf[14][9]$_DFFE_PP_,tier1,pipeline_state,control,6
dp.rf.rf[15][0]$_DFFE_PP_,tier1,pipeline_state,control,6
dp.rf.rf[15][10]$_DFFE_PP_,tier1,pipeline_state,control,6
dp.rf.rf[15][11]$_DFFE_PP_,tier0,pipeline_state,control,6
dp.rf.rf[15][12]$_DFFE_PP_,tier1,pipeline_state,control,6
dp.rf.rf[15][13]$_DFFE_PP_,tier1,pipeline_state,control,6
dp.rf.rf[15][14]$_DFFE_PP_,tier1,pipeline_state,control,6
dp.rf.rf[15][15]$_DFFE_PP_,tier1,pipeline_state,control,6
dp.rf.rf[15][16]$_DFFE_PP_,tier0,pipeline_state,control,6
dp.rf.rf[15][17]$_DFFE_PP_,tier0,pipeline_state,control,6
dp.rf.rf[15][18]$_DFFE_PP_,tier0,pipeline_state,control,6
dp.rf.rf[15][19]$_DFFE_PP_,tier0,pipeline_state,control,6
dp.rf.rf[15][1]$_DFFE_PP_,tier1,execute_alu,datapath,6
dp.rf.rf[15][20]$_DFFE_PP_,tier0,pipeline_state,control,6
dp.rf.rf[15][21]$_DFFE_PP_,tier0,pipeline_state,control,6
dp.rf.rf[15][22]$_DFFE_PP_,tier0,pipeline_state,control,6
dp.rf.rf[15][23]$_DFFE_PP_,tier0,pipeline_state,control,6
dp.rf.rf[15][24]$_DFFE_PP_,tier0,pipeline_state,control,6
dp.rf.rf[15][25]$_DFFE_PP_,tier0,pipeline_state,control,6
dp.rf.rf[15][26]$_DFFE_PP_,tier0,pipeline_state,control,6
dp.rf.rf[15][27]$_DFFE_PP_,tier0,pipeline_state,control,6
dp.rf.rf[15][28]$_DFFE_PP_,tier0,pipeline_state,control,6
dp.rf.rf[15][29]$_DFFE_PP_,tier0,pipeline_state,control,6
dp.rf.rf[15][2]$_DFFE_PP_,tier1,execute_alu,datapath,6
dp.rf.rf[15][30]$_DFFE_PP_,tier0,pipeline_state,control,6
dp.rf.rf[15][31]$_DFFE_PP_,tier0,pipeline_state,control,6
dp.rf.rf[15][3]$_DFFE_PP_,tier0,pipeline_state,control,6
dp.rf.rf[15][4]$_DFFE_PP_,tier1,execute_alu,datapath,6
dp.rf.rf[15][5]$_DFFE_PP_,tier0,pipeline_state,control,6
dp.rf.rf[15][6]$_DFFE_PP_,tier0,pipeline_state,control,6
dp.rf.rf[15][7]$_DFFE_PP_,tier0,execute_alu,datapath,6
dp.rf.rf[15][8]$_DFFE_PP_,tier0,pipeline_state,control,6
dp.rf.rf[15][9]$_DFFE_PP_,tier1,pipeline_state,control,6
dp.rf.rf[16][0]$_DFFE_PP_,tier1,pipeline_state,control,6
dp.rf.rf[16][10]$_DFFE_PP_,tier1,pipeline_state,control,6
dp.rf.rf[16][11]$_DFFE_PP_,tier0,pipeline_state,control,6
dp.rf.rf[16][12]$_DFFE_PP_,tier1,pipeline_state,control,6
dp.rf.rf[16][13]$_DFFE_PP_,tier1,pipeline_state,control,6
dp.rf.rf[16][14]$_DFFE_PP_,tier1,pipeline_state,control,6
dp.rf.rf[16][15]$_DFFE_PP_,tier1,pipeline_state,control,6
dp.rf.rf[16][16]$_DFFE_PP_,tier0,pipeline_state,control,6
dp.rf.rf[16][17]$_DFFE_PP_,tier0,pipeline_state,control,6
dp.rf.rf[16][18]$_DFFE_PP_,tier0,pipeline_state,control,6
dp.rf.rf[16][19]$_DFFE_PP_,tier0,pipeline_state,control,6
dp.rf.rf[16][1]$_DFFE_PP_,tier1,execute_alu,datapath,6
dp.rf.rf[16][20]$_DFFE_PP_,tier0,pipeline_state,control,6
dp.rf.rf[16][21]$_DFFE_PP_,tier0,pipeline_state,control,6
dp.rf.rf[16][22]$_DFFE_PP_,tier0,pipeline_state,control,6
dp.rf.rf[16][23]$_DFFE_PP_,tier0,pipeline_state,control,6
dp.rf.rf[16][24]$_DFFE_PP_,tier0,pipeline_state,control,6
dp.rf.rf[16][25]$_DFFE_PP_,tier0,pipeline_state,control,6
dp.rf.rf[16][26]$_DFFE_PP_,tier0,pipeline_state,control,6
dp.rf.rf[16][27]$_DFFE_PP_,tier0,pipeline_state,control,6
dp.rf.rf[16][28]$_DFFE_PP_,tier0,pipeline_state,control,6
dp.rf.rf[16][29]$_DFFE_PP_,tier0,pipeline_state,control,6
dp.rf.rf[16][2]$_DFFE_PP_,tier1,execute_alu,datapath,6
dp.rf.rf[16][30]$_DFFE_PP_,tier0,pipeline_state,control,6
dp.rf.rf[16][31]$_DFFE_PP_,tier0,pipeline_state,control,6
dp.rf.rf[16][3]$_DFFE_PP_,tier0,pipeline_state,control,6
dp.rf.rf[16][4]$_DFFE_PP_,tier1,execute_alu,datapath,6
dp.rf.rf[16][5]$_DFFE_PP_,tier0,pipeline_state,control,6
dp.rf.rf[16][6]$_DFFE_PP_,tier0,pipeline_state,control,6
dp.rf.rf[16][7]$_DFFE_PP_,tier0,execute_alu,datapath,6
dp.rf.rf[16][8]$_DFFE_PP_,tier0,pipeline_state,control,6
dp.rf.rf[16][9]$_DFFE_PP_,tier1,pipeline_state,control,6
dp.rf.rf[17][0]$_DFFE_PP_,tier1,pipeline_state,control,6
dp.rf.rf[17][10]$_DFFE_PP_,tier1,pipeline_state,control,6
dp.rf.rf[17][11]$_DFFE_PP_,tier0,pipeline_state,control,6
dp.rf.rf[17][12]$_DFFE_PP_,tier1,pipeline_state,control,6
dp.rf.rf[17][13]$_DFFE_PP_,tier1,pipeline_state,control,6
dp.rf.rf[17][14]$_DFFE_PP_,tier1,pipeline_state,control,6
dp.rf.rf[17][15]$_DFFE_PP_,tier1,pipeline_state,control,6
dp.rf.rf[17][16]$_DFFE_PP_,tier0,pipeline_state,control,6
dp.rf.rf[17][17]$_DFFE_PP_,tier0,pipeline_state,control,6
dp.rf.rf[17][18]$_DFFE_PP_,tier0,pipeline_state,control,6
dp.rf.rf[17][19]$_DFFE_PP_,tier0,pipeline_state,control,6
dp.rf.rf[17][1]$_DFFE_PP_,tier1,execute_alu,datapath,6
dp.rf.rf[17][20]$_DFFE_PP_,tier0,pipeline_state,control,6
dp.rf.rf[17][21]$_DFFE_PP_,tier0,pipeline_state,control,6
dp.rf.rf[17][22]$_DFFE_PP_,tier0,pipeline_state,control,6
dp.rf.rf[17][23]$_DFFE_PP_,tier0,pipeline_state,control,6
dp.rf.rf[17][24]$_DFFE_PP_,tier0,pipeline_state,control,6
dp.rf.rf[17][25]$_DFFE_PP_,tier0,pipeline_state,control,6
dp.rf.rf[17][26]$_DFFE_PP_,tier0,pipeline_state,control,6
dp.rf.rf[17][27]$_DFFE_PP_,tier0,pipeline_state,control,6
dp.rf.rf[17][28]$_DFFE_PP_,tier0,pipeline_state,control,6
dp.rf.rf[17][29]$_DFFE_PP_,tier0,pipeline_state,control,6
dp.rf.rf[17][2]$_DFFE_PP_,tier1,execute_alu,datapath,6
dp.rf.rf[17][30]$_DFFE_PP_,tier0,pipeline_state,control,6
dp.rf.rf[17][31]$_DFFE_PP_,tier0,pipeline_state,control,6
dp.rf.rf[17][3]$_DFFE_PP_,tier0,pipeline_state,control,6
dp.rf.rf[17][4]$_DFFE_PP_,tier1,execute_alu,datapath,6
dp.rf.rf[17][5]$_DFFE_PP_,tier0,pipeline_state,control,6
dp.rf.rf[17][6]$_DFFE_PP_,tier0,pipeline_state,control,6
dp.rf.rf[17][7]$_DFFE_PP_,tier0,execute_alu,datapath,6
dp.rf.rf[17][8]$_DFFE_PP_,tier0,pipeline_state,control,6
dp.rf.rf[17][9]$_DFFE_PP_,tier1,pipeline_state,control,6
dp.rf.rf[18][0]$_DFFE_PP_,tier1,pipeline_state,control,6
dp.rf.rf[18][10]$_DFFE_PP_,tier1,pipeline_state,control,6
dp.rf.rf[18][11]$_DFFE_PP_,tier0,pipeline_state,control,6
dp.rf.rf[18][12]$_DFFE_PP_,tier1,pipeline_state,control,6
dp.rf.rf[18][13]$_DFFE_PP_,tier1,pipeline_state,control,6
dp.rf.rf[18][14]$_DFFE_PP_,tier1,pipeline_state,control,6
dp.rf.rf[18][15]$_DFFE_PP_,tier1,pipeline_state,control,6
dp.rf.rf[18][16]$_DFFE_PP_,tier0,pipeline_state,control,6
dp.rf.rf[18][17]$_DFFE_PP_,tier0,pipeline_state,control,6
dp.rf.rf[18][18]$_DFFE_PP_,tier0,pipeline_state,control,6
dp.rf.rf[18][19]$_DFFE_PP_,tier0,pipeline_state,control,6
dp.rf.rf[18][1]$_DFFE_PP_,tier1,execute_alu,datapath,6
dp.rf.rf[18][20]$_DFFE_PP_,tier0,pipeline_state,control,6
dp.rf.rf[18][21]$_DFFE_PP_,tier0,pipeline_state,control,6
dp.rf.rf[18][22]$_DFFE_PP_,tier0,pipeline_state,control,6
dp.rf.rf[18][23]$_DFFE_PP_,tier0,pipeline_state,control,6
dp.rf.rf[18][24]$_DFFE_PP_,tier0,pipeline_state,control,6
dp.rf.rf[18][25]$_DFFE_PP_,tier0,pipeline_state,control,6
dp.rf.rf[18][26]$_DFFE_PP_,tier0,pipeline_state,control,6
dp.rf.rf[18][27]$_DFFE_PP_,tier0,pipeline_state,control,6
dp.rf.rf[18][28]$_DFFE_PP_,tier0,pipeline_state,control,6
dp.rf.rf[18][29]$_DFFE_PP_,tier0,pipeline_state,control,6
dp.rf.rf[18][2]$_DFFE_PP_,tier1,execute_alu,datapath,6
dp.rf.rf[18][30]$_DFFE_PP_,tier0,pipeline_state,control,6
dp.rf.rf[18][31]$_DFFE_PP_,tier0,pipeline_state,control,6
dp.rf.rf[18][3]$_DFFE_PP_,tier0,pipeline_state,control,6
dp.rf.rf[18][4]$_DFFE_PP_,tier1,execute_alu,datapath,6
dp.rf.rf[18][5]$_DFFE_PP_,tier0,pipeline_state,control,6
dp.rf.rf[18][6]$_DFFE_PP_,tier0,pipeline_state,control,6
dp.rf.rf[18][7]$_DFFE_PP_,tier0,execute_alu,datapath,6
dp.rf.rf[18][8]$_DFFE_PP_,tier0,pipeline_state,control,6
dp.rf.rf[18][9]$_DFFE_PP_,tier1,pipeline_state,control,6
dp.rf.rf[19][0]$_DFFE_PP_,tier1,pipeline_state,control,6
dp.rf.rf[19][10]$_DFFE_PP_,tier1,pipeline_state,control,6
dp.rf.rf[19][11]$_DFFE_PP_,tier0,pipeline_state,control,6
dp.rf.rf[19][12]$_DFFE_PP_,tier1,pipeline_state,control,6
dp.rf.rf[19][13]$_DFFE_PP_,tier1,pipeline_state,control,6
dp.rf.rf[19][14]$_DFFE_PP_,tier1,pipeline_state,control,6
dp.rf.rf[19][15]$_DFFE_PP_,tier1,pipeline_state,control,6
dp.rf.rf[19][16]$_DFFE_PP_,tier0,pipeline_state,control,6
dp.rf.rf[19][17]$_DFFE_PP_,tier0,pipeline_state,control,6
dp.rf.rf[19][18]$_DFFE_PP_,tier0,pipeline_state,control,6
dp.rf.rf[19][19]$_DFFE_PP_,tier0,pipeline_state,control,6
dp.rf.rf[19][1]$_DFFE_PP_,tier1,execute_alu,datapath,6
dp.rf.rf[19][20]$_DFFE_PP_,tier0,pipeline_state,control,6
dp.rf.rf[19][21]$_DFFE_PP_,tier0,pipeline_state,control,6
dp.rf.rf[19][22]$_DFFE_PP_,tier0,pipeline_state,control,6
dp.rf.rf[19][23]$_DFFE_PP_,tier0,pipeline_state,control,6
dp.rf.rf[19][24]$_DFFE_PP_,tier0,pipeline_state,control,6
dp.rf.rf[19][25]$_DFFE_PP_,tier0,pipeline_state,control,6
dp.rf.rf[19][26]$_DFFE_PP_,tier0,pipeline_state,control,6
dp.rf.rf[19][27]$_DFFE_PP_,tier0,pipeline_state,control,6
dp.rf.rf[19][28]$_DFFE_PP_,tier0,pipeline_state,control,6
dp.rf.rf[19][29]$_DFFE_PP_,tier0,pipeline_state,control,6
dp.rf.rf[19][2]$_DFFE_PP_,tier1,execute_alu,datapath,6
dp.rf.rf[19][30]$_DFFE_PP_,tier0,pipeline_state,control,6
dp.rf.rf[19][31]$_DFFE_PP_,tier0,pipeline_state,control,6
dp.rf.rf[19][3]$_DFFE_PP_,tier0,pipeline_state,control,6
dp.rf.rf[19][4]$_DFFE_PP_,tier1,execute_alu,datapath,6
dp.rf.rf[19][5]$_DFFE_PP_,tier0,pipeline_state,control,6
dp.rf.rf[19][6]$_DFFE_PP_,tier0,pipeline_state,control,6
dp.rf.rf[19][7]$_DFFE_PP_,tier0,execute_alu,datapath,6
dp.rf.rf[19][8]$_DFFE_PP_,tier0,pipeline_state,control,6
dp.rf.rf[19][9]$_DFFE_PP_,tier1,pipeline_state,control,6
dp.rf.rf[1][0]$_DFFE_PP_,tier1,pipeline_state,control,6
dp.rf.rf[1][10]$_DFFE_PP_,tier1,pipeline_state,control,6
dp.rf.rf[1][11]$_DFFE_PP_,tier0,pipeline_state,control,6
dp.rf.rf[1][12]$_DFFE_PP_,tier1,pipeline_state,control,6
dp.rf.rf[1][13]$_DFFE_PP_,tier1,pipeline_state,control,6
dp.rf.rf[1][14]$_DFFE_PP_,tier1,pipeline_state,control,6
dp.rf.rf[1][15]$_DFFE_PP_,tier1,pipeline_state,control,6
dp.rf.rf[1][16]$_DFFE_PP_,tier0,pipeline_state,control,6
dp.rf.rf[1][17]$_DFFE_PP_,tier0,pipeline_state,control,6
dp.rf.rf[1][18]$_DFFE_PP_,tier0,pipeline_state,control,6
dp.rf.rf[1][19]$_DFFE_PP_,tier0,pipeline_state,control,6
dp.rf.rf[1][1]$_DFFE_PP_,tier1,execute_alu,datapath,6
dp.rf.rf[1][20]$_DFFE_PP_,tier0,pipeline_state,control,6
dp.rf.rf[1][21]$_DFFE_PP_,tier0,pipeline_state,control,6
dp.rf.rf[1][22]$_DFFE_PP_,tier0,pipeline_state,control,6
dp.rf.rf[1][23]$_DFFE_PP_,tier0,pipeline_state,control,6
dp.rf.rf[1][24]$_DFFE_PP_,tier0,pipeline_state,control,6
dp.rf.rf[1][25]$_DFFE_PP_,tier0,pipeline_state,control,6
dp.rf.rf[1][26]$_DFFE_PP_,tier0,pipeline_state,control,6
dp.rf.rf[1][27]$_DFFE_PP_,tier0,pipeline_state,control,6
dp.rf.rf[1][28]$_DFFE_PP_,tier0,pipeline_state,control,6
dp.rf.rf[1][29]$_DFFE_PP_,tier0,pipeline_state,control,6
dp.rf.rf[1][2]$_DFFE_PP_,tier1,execute_alu,datapath,6
dp.rf.rf[1][30]$_DFFE_PP_,tier0,pipeline_state,control,6
dp.rf.rf[1][31]$_DFFE_PP_,tier0,pipeline_state,control,6
dp.rf.rf[1][3]$_DFFE_PP_,tier0,pipeline_state,control,6
dp.rf.rf[1][4]$_DFFE_PP_,tier1,execute_alu,datapath,6
dp.rf.rf[1][5]$_DFFE_PP_,tier0,pipeline_state,control,6
dp.rf.rf[1][6]$_DFFE_PP_,tier0,pipeline_state,control,6
dp.rf.rf[1][7]$_DFFE_PP_,tier0,execute_alu,datapath,6
dp.rf.rf[1][8]$_DFFE_PP_,tier0,pipeline_state,control,6
dp.rf.rf[1][9]$_DFFE_PP_,tier1,pipeline_state,control,6
dp.rf.rf[20][0]$_DFFE_PP_,tier1,pipeline_state,control,6
dp.rf.rf[20][10]$_DFFE_PP_,tier1,pipeline_state,control,6
dp.rf.rf[20][11]$_DFFE_PP_,tier0,pipeline_state,control,6
dp.rf.rf[20][12]$_DFFE_PP_,tier1,pipeline_state,control,6
dp.rf.rf[20][13]$_DFFE_PP_,tier1,pipeline_state,control,6
dp.rf.rf[20][14]$_DFFE_PP_,tier1,pipeline_state,control,6
dp.rf.rf[20][15]$_DFFE_PP_,tier1,pipeline_state,control,6
dp.rf.rf[20][16]$_DFFE_PP_,tier0,pipeline_state,control,6
dp.rf.rf[20][17]$_DFFE_PP_,tier0,pipeline_state,control,6
dp.rf.rf[20][18]$_DFFE_PP_,tier0,pipeline_state,control,6
dp.rf.rf[20][19]$_DFFE_PP_,tier0,pipeline_state,control,6
dp.rf.rf[20][1]$_DFFE_PP_,tier1,execute_alu,datapath,6
dp.rf.rf[20][20]$_DFFE_PP_,tier0,pipeline_state,control,6
dp.rf.rf[20][21]$_DFFE_PP_,tier0,pipeline_state,control,6
dp.rf.rf[20][22]$_DFFE_PP_,tier0,pipeline_state,control,6
dp.rf.rf[20][23]$_DFFE_PP_,tier0,pipeline_state,control,6
dp.rf.rf[20][24]$_DFFE_PP_,tier0,pipeline_state,control,6
dp.rf.rf[20][25]$_DFFE_PP_,tier0,pipeline_state,control,6
dp.rf.rf[20][26]$_DFFE_PP_,tier0,pipeline_state,control,6
dp.rf.rf[20][27]$_DFFE_PP_,tier0,pipeline_state,control,6
dp.rf.rf[20][28]$_DFFE_PP_,tier0,pipeline_state,control,6
dp.rf.rf[20][29]$_DFFE_PP_,tier0,pipeline_state,control,6
dp.rf.rf[20][2]$_DFFE_PP_,tier1,execute_alu,datapath,6
dp.rf.rf[20][30]$_DFFE_PP_,tier0,pipeline_state,control,6
dp.rf.rf[20][31]$_DFFE_PP_,tier0,pipeline_state,control,6
dp.rf.rf[20][3]$_DFFE_PP_,tier0,pipeline_state,control,6
dp.rf.rf[20][4]$_DFFE_PP_,tier1,execute_alu,datapath,6
dp.rf.rf[20][5]$_DFFE_PP_,tier0,pipeline_state,control,6
dp.rf.rf[20][6]$_DFFE_PP_,tier0,pipeline_state,control,6
dp.rf.rf[20][7]$_DFFE_PP_,tier0,execute_alu,datapath,6
dp.rf.rf[20][8]$_DFFE_PP_,tier0,pipeline_state,control,6
dp.rf.rf[20][9]$_DFFE_PP_,tier1,pipeline_state,control,6
dp.rf.rf[21][0]$_DFFE_PP_,tier1,pipeline_state,control,6
dp.rf.rf[21][10]$_DFFE_PP_,tier1,pipeline_state,control,6
dp.rf.rf[21][11]$_DFFE_PP_,tier0,pipeline_state,control,6
dp.rf.rf[21][12]$_DFFE_PP_,tier1,pipeline_state,control,6
dp.rf.rf[21][13]$_DFFE_PP_,tier1,pipeline_state,control,6
dp.rf.rf[21][14]$_DFFE_PP_,tier1,pipeline_state,control,6
dp.rf.rf[21][15]$_DFFE_PP_,tier1,pipeline_state,control,6
dp.rf.rf[21][16]$_DFFE_PP_,tier0,pipeline_state,control,6
dp.rf.rf[21][17]$_DFFE_PP_,tier0,pipeline_state,control,6
dp.rf.rf[21][18]$_DFFE_PP_,tier0,pipeline_state,control,6
dp.rf.rf[21][19]$_DFFE_PP_,tier0,pipeline_state,control,6
dp.rf.rf[21][1]$_DFFE_PP_,tier1,execute_alu,datapath,6
dp.rf.rf[21][20]$_DFFE_PP_,tier0,pipeline_state,control,6
dp.rf.rf[21][21]$_DFFE_PP_,tier0,pipeline_state,control,6
dp.rf.rf[21][22]$_DFFE_PP_,tier0,pipeline_state,control,6
dp.rf.rf[21][23]$_DFFE_PP_,tier0,pipeline_state,control,6
dp.rf.rf[21][24]$_DFFE_PP_,tier0,pipeline_state,control,6
dp.rf.rf[21][25]$_DFFE_PP_,tier0,pipeline_state,control,6
dp.rf.rf[21][26]$_DFFE_PP_,tier0,pipeline_state,control,6
dp.rf.rf[21][27]$_DFFE_PP_,tier0,pipeline_state,control,6
dp.rf.rf[21][28]$_DFFE_PP_,tier0,pipeline_state,control,6
dp.rf.rf[21][29]$_DFFE_PP_,tier0,pipeline_state,control,6
dp.rf.rf[21][2]$_DFFE_PP_,tier1,execute_alu,datapath,6
dp.rf.rf[21][30]$_DFFE_PP_,tier0,pipeline_state,control,6
dp.rf.rf[21][31]$_DFFE_PP_,tier0,pipeline_state,control,6
dp.rf.rf[21][3]$_DFFE_PP_,tier0,pipeline_state,control,6
dp.rf.rf[21][4]$_DFFE_PP_,tier1,execute_alu,datapath,6
dp.rf.rf[21][5]$_DFFE_PP_,tier0,pipeline_state,control,6
dp.rf.rf[21][6]$_DFFE_PP_,tier0,pipeline_state,control,6
dp.rf.rf[21][7]$_DFFE_PP_,tier0,execute_alu,datapath,6
dp.rf.rf[21][8]$_DFFE_PP_,tier0,pipeline_state,control,6
dp.rf.rf[21][9]$_DFFE_PP_,tier1,pipeline_state,control,6
dp.rf.rf[22][0]$_DFFE_PP_,tier1,pipeline_state,control,6
dp.rf.rf[22][10]$_DFFE_PP_,tier1,pipeline_state,control,6
dp.rf.rf[22][11]$_DFFE_PP_,tier0,pipeline_state,control,6
dp.rf.rf[22][12]$_DFFE_PP_,tier1,pipeline_state,control,6
dp.rf.rf[22][13]$_DFFE_PP_,tier1,pipeline_state,control,6
dp.rf.rf[22][14]$_DFFE_PP_,tier1,pipeline_state,control,6
dp.rf.rf[22][15]$_DFFE_PP_,tier1,pipeline_state,control,6
dp.rf.rf[22][16]$_DFFE_PP_,tier0,pipeline_state,control,6
dp.rf.rf[22][17]$_DFFE_PP_,tier0,pipeline_state,control,6
dp.rf.rf[22][18]$_DFFE_PP_,tier0,pipeline_state,control,6
dp.rf.rf[22][19]$_DFFE_PP_,tier0,pipeline_state,control,6
dp.rf.rf[22][1]$_DFFE_PP_,tier1,execute_alu,datapath,6
dp.rf.rf[22][20]$_DFFE_PP_,tier0,pipeline_state,control,6
dp.rf.rf[22][21]$_DFFE_PP_,tier0,pipeline_state,control,6
dp.rf.rf[22][22]$_DFFE_PP_,tier0,pipeline_state,control,6
dp.rf.rf[22][23]$_DFFE_PP_,tier0,pipeline_state,control,6
dp.rf.rf[22][24]$_DFFE_PP_,tier0,pipeline_state,control,6
dp.rf.rf[22][25]$_DFFE_PP_,tier0,pipeline_state,control,6
dp.rf.rf[22][26]$_DFFE_PP_,tier0,pipeline_state,control,6
dp.rf.rf[22][27]$_DFFE_PP_,tier0,pipeline_state,control,6
dp.rf.rf[22][28]$_DFFE_PP_,tier0,pipeline_state,control,6
dp.rf.rf[22][29]$_DFFE_PP_,tier0,pipeline_state,control,6
dp.rf.rf[22][2]$_DFFE_PP_,tier1,execute_alu,datapath,6
dp.rf.rf[22][30]$_DFFE_PP_,tier0,pipeline_state,control,6
dp.rf.rf[22][31]$_DFFE_PP_,tier0,pipeline_state,control,6
dp.rf.rf[22][3]$_DFFE_PP_,tier0,pipeline_state,control,6
dp.rf.rf[22][4]$_DFFE_PP_,tier1,execute_alu,datapath,6
dp.rf.rf[22][5]$_DFFE_PP_,tier0,pipeline_state,control,6
dp.rf.rf[22][6]$_DFFE_PP_,tier0,pipeline_state,control,6
dp.rf.rf[22][7]$_DFFE_PP_,tier0,execute_alu,datapath,6
dp.rf.rf[22][8]$_DFFE_PP_,tier0,pipeline_state,control,6
dp.rf.rf[22][9]$_DFFE_PP_,tier1,pipeline_state,control,6
dp.rf.rf[23][0]$_DFFE_PP_,tier1,pipeline_state,control,6
dp.rf.rf[23][10]$_DFFE_PP_,tier1,pipeline_state,control,6
dp.rf.rf[23][11]$_DFFE_PP_,tier0,pipeline_state,control,6
dp.rf.rf[23][12]$_DFFE_PP_,tier1,pipeline_state,control,6
dp.rf.rf[23][13]$_DFFE_PP_,tier1,pipeline_state,control,6
dp.rf.rf[23][14]$_DFFE_PP_,tier1,pipeline_state,control,6
dp.rf.rf[23][15]$_DFFE_PP_,tier1,pipeline_state,control,6
dp.rf.rf[23][16]$_DFFE_PP_,tier0,pipeline_state,control,6
dp.rf.rf[23][17]$_DFFE_PP_,tier0,pipeline_state,control,6
dp.rf.rf[23][18]$_DFFE_PP_,tier0,pipeline_state,control,6
dp.rf.rf[23][19]$_DFFE_PP_,tier0,pipeline_state,control,6
dp.rf.rf[23][1]$_DFFE_PP_,tier1,execute_alu,datapath,6
dp.rf.rf[23][20]$_DFFE_PP_,tier0,pipeline_state,control,6
dp.rf.rf[23][21]$_DFFE_PP_,tier0,pipeline_state,control,6
dp.rf.rf[23][22]$_DFFE_PP_,tier0,pipeline_state,control,6
dp.rf.rf[23][23]$_DFFE_PP_,tier0,pipeline_state,control,6
dp.rf.rf[23][24]$_DFFE_PP_,tier0,pipeline_state,control,6
dp.rf.rf[23][25]$_DFFE_PP_,tier0,pipeline_state,control,6
dp.rf.rf[23][26]$_DFFE_PP_,tier0,pipeline_state,control,6
dp.rf.rf[23][27]$_DFFE_PP_,tier0,pipeline_state,control,6
dp.rf.rf[23][28]$_DFFE_PP_,tier0,pipeline_state,control,6
dp.rf.rf[23][29]$_DFFE_PP_,tier0,pipeline_state,control,6
dp.rf.rf[23][2]$_DFFE_PP_,tier1,execute_alu,datapath,6
dp.rf.rf[23][30]$_DFFE_PP_,tier0,pipeline_state,control,6
dp.rf.rf[23][31]$_DFFE_PP_,tier0,pipeline_state,control,6
dp.rf.rf[23][3]$_DFFE_PP_,tier0,pipeline_state,control,6
dp.rf.rf[23][4]$_DFFE_PP_,tier1,execute_alu,datapath,6
dp.rf.rf[23][5]$_DFFE_PP_,tier0,pipeline_state,control,6
dp.rf.rf[23][6]$_DFFE_PP_,tier0,pipeline_state,control,6
dp.rf.rf[23][7]$_DFFE_PP_,tier0,execute_alu,datapath,6
dp.rf.rf[23][8]$_DFFE_PP_,tier0,pipeline_state,control,6
dp.rf.rf[23][9]$_DFFE_PP_,tier1,pipeline_state,control,6
dp.rf.rf[24][0]$_DFFE_PP_,tier1,pipeline_state,control,6
dp.rf.rf[24][10]$_DFFE_PP_,tier1,pipeline_state,control,6
dp.rf.rf[24][11]$_DFFE_PP_,tier0,pipeline_state,control,6
dp.rf.rf[24][12]$_DFFE_PP_,tier1,pipeline_state,control,6
dp.rf.rf[24][13]$_DFFE_PP_,tier1,pipeline_state,control,6
dp.rf.rf[24][14]$_DFFE_PP_,tier1,pipeline_state,control,6
dp.rf.rf[24][15]$_DFFE_PP_,tier1,pipeline_state,control,6
dp.rf.rf[24][16]$_DFFE_PP_,tier0,pipeline_state,control,6
dp.rf.rf[24][17]$_DFFE_PP_,tier0,pipeline_state,control,6
dp.rf.rf[24][18]$_DFFE_PP_,tier0,pipeline_state,control,6
dp.rf.rf[24][19]$_DFFE_PP_,tier0,pipeline_state,control,6
dp.rf.rf[24][1]$_DFFE_PP_,tier1,execute_alu,datapath,6
dp.rf.rf[24][20]$_DFFE_PP_,tier0,pipeline_state,control,6
dp.rf.rf[24][21]$_DFFE_PP_,tier0,pipeline_state,control,6
dp.rf.rf[24][22]$_DFFE_PP_,tier0,pipeline_state,control,6
dp.rf.rf[24][23]$_DFFE_PP_,tier0,pipeline_state,control,6
dp.rf.rf[24][24]$_DFFE_PP_,tier0,pipeline_state,control,6
dp.rf.rf[24][25]$_DFFE_PP_,tier0,pipeline_state,control,6
dp.rf.rf[24][26]$_DFFE_PP_,tier0,pipeline_state,control,6
dp.rf.rf[24][27]$_DFFE_PP_,tier0,pipeline_state,control,6
dp.rf.rf[24][28]$_DFFE_PP_,tier0,pipeline_state,control,6
dp.rf.rf[24][29]$_DFFE_PP_,tier0,pipeline_state,control,6
dp.rf.rf[24][2]$_DFFE_PP_,tier1,execute_alu,datapath,6
dp.rf.rf[24][30]$_DFFE_PP_,tier0,pipeline_state,control,6
dp.rf.rf[24][31]$_DFFE_PP_,tier0,pipeline_state,control,6
dp.rf.rf[24][3]$_DFFE_PP_,tier0,pipeline_state,control,6
dp.rf.rf[24][4]$_DFFE_PP_,tier1,execute_alu,datapath,6
dp.rf.rf[24][5]$_DFFE_PP_,tier0,pipeline_state,control,6
dp.rf.rf[24][6]$_DFFE_PP_,tier0,pipeline_state,control,6
dp.rf.rf[24][7]$_DFFE_PP_,tier0,execute_alu,datapath,6
dp.rf.rf[24][8]$_DFFE_PP_,tier0,pipeline_state,control,6
dp.rf.rf[24][9]$_DFFE_PP_,tier1,pipeline_state,control,6
dp.rf.rf[25][0]$_DFFE_PP_,tier1,pipeline_state,control,6
dp.rf.rf[25][10]$_DFFE_PP_,tier1,pipeline_state,control,6
dp.rf.rf[25][11]$_DFFE_PP_,tier0,pipeline_state,control,6
dp.rf.rf[25][12]$_DFFE_PP_,tier1,pipeline_state,control,6
dp.rf.rf[25][13]$_DFFE_PP_,tier1,pipeline_state,control,6
dp.rf.rf[25][14]$_DFFE_PP_,tier1,pipeline_state,control,6
dp.rf.rf[25][15]$_DFFE_PP_,tier1,pipeline_state,control,6
dp.rf.rf[25][16]$_DFFE_PP_,tier0,pipeline_state,control,6
dp.rf.rf[25][17]$_DFFE_PP_,tier0,pipeline_state,control,6
dp.rf.rf[25][18]$_DFFE_PP_,tier0,pipeline_state,control,6
dp.rf.rf[25][19]$_DFFE_PP_,tier0,pipeline_state,control,6
dp.rf.rf[25][1]$_DFFE_PP_,tier1,execute_alu,datapath,6
dp.rf.rf[25][20]$_DFFE_PP_,tier0,pipeline_state,control,6
dp.rf.rf[25][21]$_DFFE_PP_,tier0,pipeline_state,control,6
dp.rf.rf[25][22]$_DFFE_PP_,tier0,pipeline_state,control,6
dp.rf.rf[25][23]$_DFFE_PP_,tier0,pipeline_state,control,6
dp.rf.rf[25][24]$_DFFE_PP_,tier0,pipeline_state,control,6
dp.rf.rf[25][25]$_DFFE_PP_,tier0,pipeline_state,control,6
dp.rf.rf[25][26]$_DFFE_PP_,tier0,pipeline_state,control,6
dp.rf.rf[25][27]$_DFFE_PP_,tier0,pipeline_state,control,6
dp.rf.rf[25][28]$_DFFE_PP_,tier0,pipeline_state,control,6
dp.rf.rf[25][29]$_DFFE_PP_,tier0,pipeline_state,control,6
dp.rf.rf[25][2]$_DFFE_PP_,tier1,execute_alu,datapath,6
dp.rf.rf[25][30]$_DFFE_PP_,tier0,pipeline_state,control,6
dp.rf.rf[25][31]$_DFFE_PP_,tier0,pipeline_state,control,6
dp.rf.rf[25][3]$_DFFE_PP_,tier0,pipeline_state,control,6
dp.rf.rf[25][4]$_DFFE_PP_,tier1,execute_alu,datapath,6
dp.rf.rf[25][5]$_DFFE_PP_,tier0,pipeline_state,control,6
dp.rf.rf[25][6]$_DFFE_PP_,tier0,pipeline_state,control,6
dp.rf.rf[25][7]$_DFFE_PP_,tier0,execute_alu,datapath,6
dp.rf.rf[25][8]$_DFFE_PP_,tier0,pipeline_state,control,6
dp.rf.rf[25][9]$_DFFE_PP_,tier1,pipeline_state,control,6
dp.rf.rf[26][0]$_DFFE_PP_,tier1,pipeline_state,control,6
dp.rf.rf[26][10]$_DFFE_PP_,tier1,pipeline_state,control,6
dp.rf.rf[26][11]$_DFFE_PP_,tier0,pipeline_state,control,6
dp.rf.rf[26][12]$_DFFE_PP_,tier1,pipeline_state,control,6
dp.rf.rf[26][13]$_DFFE_PP_,tier1,pipeline_state,control,6
dp.rf.rf[26][14]$_DFFE_PP_,tier1,pipeline_state,control,6
dp.rf.rf[26][15]$_DFFE_PP_,tier1,pipeline_state,control,6
dp.rf.rf[26][16]$_DFFE_PP_,tier0,pipeline_state,control,6
dp.rf.rf[26][17]$_DFFE_PP_,tier0,pipeline_state,control,6
dp.rf.rf[26][18]$_DFFE_PP_,tier0,pipeline_state,control,6
dp.rf.rf[26][19]$_DFFE_PP_,tier0,pipeline_state,control,6
dp.rf.rf[26][1]$_DFFE_PP_,tier1,execute_alu,datapath,6
dp.rf.rf[26][20]$_DFFE_PP_,tier0,pipeline_state,control,6
dp.rf.rf[26][21]$_DFFE_PP_,tier0,pipeline_state,control,6
dp.rf.rf[26][22]$_DFFE_PP_,tier0,pipeline_state,control,6
dp.rf.rf[26][23]$_DFFE_PP_,tier0,pipeline_state,control,6
dp.rf.rf[26][24]$_DFFE_PP_,tier0,pipeline_state,control,6
dp.rf.rf[26][25]$_DFFE_PP_,tier0,pipeline_state,control,6
dp.rf.rf[26][26]$_DFFE_PP_,tier0,pipeline_state,control,6
dp.rf.rf[26][27]$_DFFE_PP_,tier0,pipeline_state,control,6
dp.rf.rf[26][28]$_DFFE_PP_,tier0,pipeline_state,control,6
dp.rf.rf[26][29]$_DFFE_PP_,tier0,pipeline_state,control,6
dp.rf.rf[26][2]$_DFFE_PP_,tier1,execute_alu,datapath,6
dp.rf.rf[26][30]$_DFFE_PP_,tier0,pipeline_state,control,6
dp.rf.rf[26][31]$_DFFE_PP_,tier0,pipeline_state,control,6
dp.rf.rf[26][3]$_DFFE_PP_,tier1,pipeline_state,control,6
dp.rf.rf[26][4]$_DFFE_PP_,tier1,execute_alu,datapath,6
dp.rf.rf[26][5]$_DFFE_PP_,tier0,pipeline_state,control,6
dp.rf.rf[26][6]$_DFFE_PP_,tier0,pipeline_state,control,6
dp.rf.rf[26][7]$_DFFE_PP_,tier0,execute_alu,datapath,6
dp.rf.rf[26][8]$_DFFE_PP_,tier0,pipeline_state,control,6
dp.rf.rf[26][9]$_DFFE_PP_,tier1,pipeline_state,control,6
dp.rf.rf[27][0]$_DFFE_PP_,tier1,pipeline_state,control,6
dp.rf.rf[27][10]$_DFFE_PP_,tier1,pipeline_state,control,6
dp.rf.rf[27][11]$_DFFE_PP_,tier0,pipeline_state,control,6
dp.rf.rf[27][12]$_DFFE_PP_,tier1,pipeline_state,control,6
dp.rf.rf[27][13]$_DFFE_PP_,tier1,pipeline_state,control,6
dp.rf.rf[27][14]$_DFFE_PP_,tier1,pipeline_state,control,6
dp.rf.rf[27][15]$_DFFE_PP_,tier1,pipeline_state,control,6
dp.rf.rf[27][16]$_DFFE_PP_,tier0,pipeline_state,control,6
dp.rf.rf[27][17]$_DFFE_PP_,tier0,pipeline_state,control,6
dp.rf.rf[27][18]$_DFFE_PP_,tier0,pipeline_state,control,6
dp.rf.rf[27][19]$_DFFE_PP_,tier0,pipeline_state,control,6
dp.rf.rf[27][1]$_DFFE_PP_,tier1,execute_alu,datapath,6
dp.rf.rf[27][20]$_DFFE_PP_,tier0,pipeline_state,control,6
dp.rf.rf[27][21]$_DFFE_PP_,tier0,pipeline_state,control,6
dp.rf.rf[27][22]$_DFFE_PP_,tier0,pipeline_state,control,6
dp.rf.rf[27][23]$_DFFE_PP_,tier0,pipeline_state,control,6
dp.rf.rf[27][24]$_DFFE_PP_,tier0,pipeline_state,control,6
dp.rf.rf[27][25]$_DFFE_PP_,tier0,pipeline_state,control,6
dp.rf.rf[27][26]$_DFFE_PP_,tier0,pipeline_state,control,6
dp.rf.rf[27][27]$_DFFE_PP_,tier0,pipeline_state,control,6
dp.rf.rf[27][28]$_DFFE_PP_,tier0,pipeline_state,control,6
dp.rf.rf[27][29]$_DFFE_PP_,tier0,pipeline_state,control,6
dp.rf.rf[27][2]$_DFFE_PP_,tier1,execute_alu,datapath,6
dp.rf.rf[27][30]$_DFFE_PP_,tier0,pipeline_state,control,6
dp.rf.rf[27][31]$_DFFE_PP_,tier0,pipeline_state,control,6
dp.rf.rf[27][3]$_DFFE_PP_,tier0,pipeline_state,control,6
dp.rf.rf[27][4]$_DFFE_PP_,tier1,execute_alu,datapath,6
dp.rf.rf[27][5]$_DFFE_PP_,tier0,pipeline_state,control,6
dp.rf.rf[27][6]$_DFFE_PP_,tier0,pipeline_state,control,6
dp.rf.rf[27][7]$_DFFE_PP_,tier0,execute_alu,datapath,6
dp.rf.rf[27][8]$_DFFE_PP_,tier0,pipeline_state,control,6
dp.rf.rf[27][9]$_DFFE_PP_,tier1,pipeline_state,control,6
dp.rf.rf[28][0]$_DFFE_PP_,tier1,pipeline_state,control,6
dp.rf.rf[28][10]$_DFFE_PP_,tier1,pipeline_state,control,6
dp.rf.rf[28][11]$_DFFE_PP_,tier0,pipeline_state,control,6
dp.rf.rf[28][12]$_DFFE_PP_,tier1,pipeline_state,control,6
dp.rf.rf[28][13]$_DFFE_PP_,tier1,pipeline_state,control,6
dp.rf.rf[28][14]$_DFFE_PP_,tier1,pipeline_state,control,6
dp.rf.rf[28][15]$_DFFE_PP_,tier1,pipeline_state,control,6
dp.rf.rf[28][16]$_DFFE_PP_,tier0,pipeline_state,control,6
dp.rf.rf[28][17]$_DFFE_PP_,tier0,pipeline_state,control,6
dp.rf.rf[28][18]$_DFFE_PP_,tier0,pipeline_state,control,6
dp.rf.rf[28][19]$_DFFE_PP_,tier0,pipeline_state,control,6
dp.rf.rf[28][1]$_DFFE_PP_,tier1,execute_alu,datapath,6
dp.rf.rf[28][20]$_DFFE_PP_,tier0,pipeline_state,control,6
dp.rf.rf[28][21]$_DFFE_PP_,tier0,pipeline_state,control,6
dp.rf.rf[28][22]$_DFFE_PP_,tier0,pipeline_state,control,6
dp.rf.rf[28][23]$_DFFE_PP_,tier0,pipeline_state,control,6
dp.rf.rf[28][24]$_DFFE_PP_,tier0,pipeline_state,control,6
dp.rf.rf[28][25]$_DFFE_PP_,tier0,pipeline_state,control,6
dp.rf.rf[28][26]$_DFFE_PP_,tier0,pipeline_state,control,6
dp.rf.rf[28][27]$_DFFE_PP_,tier0,pipeline_state,control,6
dp.rf.rf[28][28]$_DFFE_PP_,tier0,pipeline_state,control,6
dp.rf.rf[28][29]$_DFFE_PP_,tier0,pipeline_state,control,6
dp.rf.rf[28][2]$_DFFE_PP_,tier1,execute_alu,datapath,6
dp.rf.rf[28][30]$_DFFE_PP_,tier0,pipeline_state,control,6
dp.rf.rf[28][31]$_DFFE_PP_,tier0,pipeline_state,control,6
dp.rf.rf[28][3]$_DFFE_PP_,tier0,pipeline_state,control,6
dp.rf.rf[28][4]$_DFFE_PP_,tier1,execute_alu,datapath,6
dp.rf.rf[28][5]$_DFFE_PP_,tier0,pipeline_state,control,6
dp.rf.rf[28][6]$_DFFE_PP_,tier0,pipeline_state,control,6
dp.rf.rf[28][7]$_DFFE_PP_,tier0,execute_alu,datapath,6
dp.rf.rf[28][8]$_DFFE_PP_,tier0,pipeline_state,control,6
dp.rf.rf[28][9]$_DFFE_PP_,tier1,pipeline_state,control,6
dp.rf.rf[29][0]$_DFFE_PP_,tier1,pipeline_state,control,6
dp.rf.rf[29][10]$_DFFE_PP_,tier1,pipeline_state,control,6
dp.rf.rf[29][11]$_DFFE_PP_,tier0,pipeline_state,control,6
dp.rf.rf[29][12]$_DFFE_PP_,tier1,pipeline_state,control,6
dp.rf.rf[29][13]$_DFFE_PP_,tier1,pipeline_state,control,6
dp.rf.rf[29][14]$_DFFE_PP_,tier1,pipeline_state,control,6
dp.rf.rf[29][15]$_DFFE_PP_,tier1,pipeline_state,control,6
dp.rf.rf[29][16]$_DFFE_PP_,tier0,pipeline_state,control,6
dp.rf.rf[29][17]$_DFFE_PP_,tier0,pipeline_state,control,6
dp.rf.rf[29][18]$_DFFE_PP_,tier0,pipeline_state,control,6
dp.rf.rf[29][19]$_DFFE_PP_,tier0,pipeline_state,control,6
dp.rf.rf[29][1]$_DFFE_PP_,tier1,execute_alu,datapath,6
dp.rf.rf[29][20]$_DFFE_PP_,tier0,pipeline_state,control,6
dp.rf.rf[29][21]$_DFFE_PP_,tier0,pipeline_state,control,6
dp.rf.rf[29][22]$_DFFE_PP_,tier0,pipeline_state,control,6
dp.rf.rf[29][23]$_DFFE_PP_,tier0,pipeline_state,control,6
dp.rf.rf[29][24]$_DFFE_PP_,tier0,pipeline_state,control,6
dp.rf.rf[29][25]$_DFFE_PP_,tier0,pipeline_state,control,6
dp.rf.rf[29][26]$_DFFE_PP_,tier0,pipeline_state,control,6
dp.rf.rf[29][27]$_DFFE_PP_,tier0,pipeline_state,control,6
dp.rf.rf[29][28]$_DFFE_PP_,tier0,pipeline_state,control,6
dp.rf.rf[29][29]$_DFFE_PP_,tier0,pipeline_state,control,6
dp.rf.rf[29][2]$_DFFE_PP_,tier1,execute_alu,datapath,6
dp.rf.rf[29][30]$_DFFE_PP_,tier0,pipeline_state,control,6
dp.rf.rf[29][31]$_DFFE_PP_,tier0,pipeline_state,control,6
dp.rf.rf[29][3]$_DFFE_PP_,tier0,pipeline_state,control,6
dp.rf.rf[29][4]$_DFFE_PP_,tier1,execute_alu,datapath,6
dp.rf.rf[29][5]$_DFFE_PP_,tier0,pipeline_state,control,6
dp.rf.rf[29][6]$_DFFE_PP_,tier0,pipeline_state,control,6
dp.rf.rf[29][7]$_DFFE_PP_,tier0,execute_alu,datapath,6
dp.rf.rf[29][8]$_DFFE_PP_,tier0,pipeline_state,control,6
dp.rf.rf[29][9]$_DFFE_PP_,tier1,pipeline_state,control,6
dp.rf.rf[2][0]$_DFFE_PP_,tier1,pipeline_state,control,6
dp.rf.rf[2][10]$_DFFE_PP_,tier1,pipeline_state,control,6
dp.rf.rf[2][11]$_DFFE_PP_,tier0,pipeline_state,control,6
dp.rf.rf[2][12]$_DFFE_PP_,tier1,pipeline_state,control,6
dp.rf.rf[2][13]$_DFFE_PP_,tier1,pipeline_state,control,6
dp.rf.rf[2][14]$_DFFE_PP_,tier1,pipeline_state,control,6
dp.rf.rf[2][15]$_DFFE_PP_,tier1,pipeline_state,control,6
dp.rf.rf[2][16]$_DFFE_PP_,tier0,pipeline_state,control,6
dp.rf.rf[2][17]$_DFFE_PP_,tier0,pipeline_state,control,6
dp.rf.rf[2][18]$_DFFE_PP_,tier0,pipeline_state,control,6
dp.rf.rf[2][19]$_DFFE_PP_,tier0,pipeline_state,control,6
dp.rf.rf[2][1]$_DFFE_PP_,tier1,execute_alu,datapath,6
dp.rf.rf[2][20]$_DFFE_PP_,tier0,pipeline_state,control,6
dp.rf.rf[2][21]$_DFFE_PP_,tier0,pipeline_state,control,6
dp.rf.rf[2][22]$_DFFE_PP_,tier0,pipeline_state,control,6
dp.rf.rf[2][23]$_DFFE_PP_,tier0,pipeline_state,control,6
dp.rf.rf[2][24]$_DFFE_PP_,tier0,pipeline_state,control,6
dp.rf.rf[2][25]$_DFFE_PP_,tier0,pipeline_state,control,6
dp.rf.rf[2][26]$_DFFE_PP_,tier0,pipeline_state,control,6
dp.rf.rf[2][27]$_DFFE_PP_,tier0,pipeline_state,control,6
dp.rf.rf[2][28]$_DFFE_PP_,tier0,pipeline_state,control,6
dp.rf.rf[2][29]$_DFFE_PP_,tier0,pipeline_state,control,6
dp.rf.rf[2][2]$_DFFE_PP_,tier1,execute_alu,datapath,6
dp.rf.rf[2][30]$_DFFE_PP_,tier0,pipeline_state,control,6
dp.rf.rf[2][31]$_DFFE_PP_,tier0,pipeline_state,control,6
dp.rf.rf[2][3]$_DFFE_PP_,tier0,pipeline_state,control,6
dp.rf.rf[2][4]$_DFFE_PP_,tier1,execute_alu,datapath,6
dp.rf.rf[2][5]$_DFFE_PP_,tier0,pipeline_state,control,6
dp.rf.rf[2][6]$_DFFE_PP_,tier0,pipeline_state,control,6
dp.rf.rf[2][7]$_DFFE_PP_,tier0,execute_alu,datapath,6
dp.rf.rf[2][8]$_DFFE_PP_,tier0,pipeline_state,control,6
dp.rf.rf[2][9]$_DFFE_PP_,tier1,pipeline_state,control,6
dp.rf.rf[30][0]$_DFFE_PP_,tier1,pipeline_state,control,6
dp.rf.rf[30][10]$_DFFE_PP_,tier1,pipeline_state,control,6
dp.rf.rf[30][11]$_DFFE_PP_,tier0,pipeline_state,control,6
dp.rf.rf[30][12]$_DFFE_PP_,tier1,pipeline_state,control,6
dp.rf.rf[30][13]$_DFFE_PP_,tier1,pipeline_state,control,6
dp.rf.rf[30][14]$_DFFE_PP_,tier1,pipeline_state,control,6
dp.rf.rf[30][15]$_DFFE_PP_,tier1,pipeline_state,control,6
dp.rf.rf[30][16]$_DFFE_PP_,tier0,pipeline_state,control,6
dp.rf.rf[30][17]$_DFFE_PP_,tier0,pipeline_state,control,6
dp.rf.rf[30][18]$_DFFE_PP_,tier0,pipeline_state,control,6
dp.rf.rf[30][19]$_DFFE_PP_,tier0,pipeline_state,control,6
dp.rf.rf[30][1]$_DFFE_PP_,tier1,execute_alu,datapath,6
dp.rf.rf[30][20]$_DFFE_PP_,tier0,pipeline_state,control,6
dp.rf.rf[30][21]$_DFFE_PP_,tier0,pipeline_state,control,6
dp.rf.rf[30][22]$_DFFE_PP_,tier0,pipeline_state,control,6
dp.rf.rf[30][23]$_DFFE_PP_,tier0,pipeline_state,control,6
dp.rf.rf[30][24]$_DFFE_PP_,tier0,pipeline_state,control,6
dp.rf.rf[30][25]$_DFFE_PP_,tier0,pipeline_state,control,6
dp.rf.rf[30][26]$_DFFE_PP_,tier0,pipeline_state,control,6
dp.rf.rf[30][27]$_DFFE_PP_,tier0,pipeline_state,control,6
dp.rf.rf[30][28]$_DFFE_PP_,tier0,pipeline_state,control,6
dp.rf.rf[30][29]$_DFFE_PP_,tier0,pipeline_state,control,6
dp.rf.rf[30][2]$_DFFE_PP_,tier1,execute_alu,datapath,6
dp.rf.rf[30][30]$_DFFE_PP_,tier0,pipeline_state,control,6
dp.rf.rf[30][31]$_DFFE_PP_,tier0,pipeline_state,control,6
dp.rf.rf[30][3]$_DFFE_PP_,tier0,pipeline_state,control,6
dp.rf.rf[30][4]$_DFFE_PP_,tier1,execute_alu,datapath,6
dp.rf.rf[30][5]$_DFFE_PP_,tier0,pipeline_state,control,6
dp.rf.rf[30][6]$_DFFE_PP_,tier0,pipeline_state,control,6
dp.rf.rf[30][7]$_DFFE_PP_,tier0,execute_alu,datapath,6
dp.rf.rf[30][8]$_DFFE_PP_,tier0,pipeline_state,control,6
dp.rf.rf[30][9]$_DFFE_PP_,tier1,pipeline_state,control,6
dp.rf.rf[31][0]$_DFFE_PP_,tier1,pipeline_state,control,6
dp.rf.rf[31][10]$_DFFE_PP_,tier1,pipeline_state,control,6
dp.rf.rf[31][11]$_DFFE_PP_,tier0,pipeline_state,control,6
dp.rf.rf[31][12]$_DFFE_PP_,tier1,pipeline_state,control,6
dp.rf.rf[31][13]$_DFFE_PP_,tier1,pipeline_state,control,6
dp.rf.rf[31][14]$_DFFE_PP_,tier1,pipeline_state,control,6
dp.rf.rf[31][15]$_DFFE_PP_,tier1,pipeline_state,control,6
dp.rf.rf[31][16]$_DFFE_PP_,tier0,pipeline_state,control,6
dp.rf.rf[31][17]$_DFFE_PP_,tier0,pipeline_state,control,6
dp.rf.rf[31][18]$_DFFE_PP_,tier0,pipeline_state,control,6
dp.rf.rf[31][19]$_DFFE_PP_,tier0,pipeline_state,control,6
dp.rf.rf[31][1]$_DFFE_PP_,tier1,execute_alu,datapath,6
dp.rf.rf[31][20]$_DFFE_PP_,tier0,pipeline_state,control,6
dp.rf.rf[31][21]$_DFFE_PP_,tier0,pipeline_state,control,6
dp.rf.rf[31][22]$_DFFE_PP_,tier0,pipeline_state,control,6
dp.rf.rf[31][23]$_DFFE_PP_,tier0,pipeline_state,control,6
dp.rf.rf[31][24]$_DFFE_PP_,tier0,pipeline_state,control,6
dp.rf.rf[31][25]$_DFFE_PP_,tier0,pipeline_state,control,6
dp.rf.rf[31][26]$_DFFE_PP_,tier0,pipeline_state,control,6
dp.rf.rf[31][27]$_DFFE_PP_,tier0,pipeline_state,control,6
dp.rf.rf[31][28]$_DFFE_PP_,tier0,pipeline_state,control,6
dp.rf.rf[31][29]$_DFFE_PP_,tier0,pipeline_state,control,6
dp.rf.rf[31][2]$_DFFE_PP_,tier1,execute_alu,datapath,6
dp.rf.rf[31][30]$_DFFE_PP_,tier0,pipeline_state,control,6
dp.rf.rf[31][31]$_DFFE_PP_,tier0,pipeline_state,control,6
dp.rf.rf[31][3]$_DFFE_PP_,tier0,pipeline_state,control,6
dp.rf.rf[31][4]$_DFFE_PP_,tier1,execute_alu,datapath,6
dp.rf.rf[31][5]$_DFFE_PP_,tier0,pipeline_state,control,6
dp.rf.rf[31][6]$_DFFE_PP_,tier0,pipeline_state,control,6
dp.rf.rf[31][7]$_DFFE_PP_,tier0,execute_alu,datapath,6
dp.rf.rf[31][8]$_DFFE_PP_,tier0,pipeline_state,control,6
dp.rf.rf[31][9]$_DFFE_PP_,tier1,pipeline_state,control,6
dp.rf.rf[3][0]$_DFFE_PP_,tier1,pipeline_state,control,6
dp.rf.rf[3][10]$_DFFE_PP_,tier1,pipeline_state,control,6
dp.rf.rf[3][11]$_DFFE_PP_,tier0,pipeline_state,control,6
dp.rf.rf[3][12]$_DFFE_PP_,tier1,pipeline_state,control,6
dp.rf.rf[3][13]$_DFFE_PP_,tier1,pipeline_state,control,6
dp.rf.rf[3][14]$_DFFE_PP_,tier1,pipeline_state,control,6
dp.rf.rf[3][15]$_DFFE_PP_,tier1,pipeline_state,control,6
dp.rf.rf[3][16]$_DFFE_PP_,tier0,pipeline_state,control,6
dp.rf.rf[3][17]$_DFFE_PP_,tier0,pipeline_state,control,6
dp.rf.rf[3][18]$_DFFE_PP_,tier0,pipeline_state,control,6
dp.rf.rf[3][19]$_DFFE_PP_,tier0,pipeline_state,control,6
dp.rf.rf[3][1]$_DFFE_PP_,tier1,execute_alu,datapath,6
dp.rf.rf[3][20]$_DFFE_PP_,tier0,pipeline_state,control,6
dp.rf.rf[3][21]$_DFFE_PP_,tier0,pipeline_state,control,6
dp.rf.rf[3][22]$_DFFE_PP_,tier0,pipeline_state,control,6
dp.rf.rf[3][23]$_DFFE_PP_,tier0,pipeline_state,control,6
dp.rf.rf[3][24]$_DFFE_PP_,tier0,pipeline_state,control,6
dp.rf.rf[3][25]$_DFFE_PP_,tier0,pipeline_state,control,6
dp.rf.rf[3][26]$_DFFE_PP_,tier0,pipeline_state,control,6
dp.rf.rf[3][27]$_DFFE_PP_,tier0,pipeline_state,control,6
dp.rf.rf[3][28]$_DFFE_PP_,tier0,pipeline_state,control,6
dp.rf.rf[3][29]$_DFFE_PP_,tier0,pipeline_state,control,6
dp.rf.rf[3][2]$_DFFE_PP_,tier1,execute_alu,datapath,6
dp.rf.rf[3][30]$_DFFE_PP_,tier0,pipeline_state,control,6
dp.rf.rf[3][31]$_DFFE_PP_,tier0,pipeline_state,control,6
dp.rf.rf[3][3]$_DFFE_PP_,tier0,pipeline_state,control,6
dp.rf.rf[3][4]$_DFFE_PP_,tier1,execute_alu,datapath,6
dp.rf.rf[3][5]$_DFFE_PP_,tier0,pipeline_state,control,6
dp.rf.rf[3][6]$_DFFE_PP_,tier0,pipeline_state,control,6
dp.rf.rf[3][7]$_DFFE_PP_,tier0,execute_alu,datapath,6
dp.rf.rf[3][8]$_DFFE_PP_,tier0,pipeline_state,control,6
dp.rf.rf[3][9]$_DFFE_PP_,tier1,pipeline_state,control,6
dp.rf.rf[4][0]$_DFFE_PP_,tier1,pipeline_state,control,6
dp.rf.rf[4][10]$_DFFE_PP_,tier1,pipeline_state,control,6
dp.rf.rf[4][11]$_DFFE_PP_,tier0,pipeline_state,control,6
dp.rf.rf[4][12]$_DFFE_PP_,tier1,pipeline_state,control,6
dp.rf.rf[4][13]$_DFFE_PP_,tier1,pipeline_state,control,6
dp.rf.rf[4][14]$_DFFE_PP_,tier1,pipeline_state,control,6
dp.rf.rf[4][15]$_DFFE_PP_,tier1,pipeline_state,control,6
dp.rf.rf[4][16]$_DFFE_PP_,tier0,pipeline_state,control,6
dp.rf.rf[4][17]$_DFFE_PP_,tier0,pipeline_state,control,6
dp.rf.rf[4][18]$_DFFE_PP_,tier0,pipeline_state,control,6
dp.rf.rf[4][19]$_DFFE_PP_,tier0,pipeline_state,control,6
dp.rf.rf[4][1]$_DFFE_PP_,tier1,execute_alu,datapath,6
dp.rf.rf[4][20]$_DFFE_PP_,tier0,pipeline_state,control,6
dp.rf.rf[4][21]$_DFFE_PP_,tier0,pipeline_state,control,6
dp.rf.rf[4][22]$_DFFE_PP_,tier0,pipeline_state,control,6
dp.rf.rf[4][23]$_DFFE_PP_,tier0,pipeline_state,control,6
dp.rf.rf[4][24]$_DFFE_PP_,tier0,pipeline_state,control,6
dp.rf.rf[4][25]$_DFFE_PP_,tier0,pipeline_state,control,6
dp.rf.rf[4][26]$_DFFE_PP_,tier0,pipeline_state,control,6
dp.rf.rf[4][27]$_DFFE_PP_,tier0,pipeline_state,control,6
dp.rf.rf[4][28]$_DFFE_PP_,tier0,pipeline_state,control,6
dp.rf.rf[4][29]$_DFFE_PP_,tier0,pipeline_state,control,6
dp.rf.rf[4][2]$_DFFE_PP_,tier1,execute_alu,datapath,6
dp.rf.rf[4][30]$_DFFE_PP_,tier0,pipeline_state,control,6
dp.rf.rf[4][31]$_DFFE_PP_,tier0,pipeline_state,control,6
dp.rf.rf[4][3]$_DFFE_PP_,tier0,pipeline_state,control,6
dp.rf.rf[4][4]$_DFFE_PP_,tier1,execute_alu,datapath,6
dp.rf.rf[4][5]$_DFFE_PP_,tier0,pipeline_state,control,6
dp.rf.rf[4][6]$_DFFE_PP_,tier0,pipeline_state,control,6
dp.rf.rf[4][7]$_DFFE_PP_,tier0,execute_alu,datapath,6
dp.rf.rf[4][8]$_DFFE_PP_,tier0,pipeline_state,control,6
dp.rf.rf[4][9]$_DFFE_PP_,tier1,pipeline_state,control,6
dp.rf.rf[5][0]$_DFFE_PP_,tier1,pipeline_state,control,6
dp.rf.rf[5][10]$_DFFE_PP_,tier1,pipeline_state,control,6
dp.rf.rf[5][11]$_DFFE_PP_,tier0,pipeline_state,control,6
dp.rf.rf[5][12]$_DFFE_PP_,tier1,pipeline_state,control,6
dp.rf.rf[5][13]$_DFFE_PP_,tier1,pipeline_state,control,6
dp.rf.rf[5][14]$_DFFE_PP_,tier1,pipeline_state,control,6
dp.rf.rf[5][15]$_DFFE_PP_,tier1,pipeline_state,control,6
dp.rf.rf[5][16]$_DFFE_PP_,tier0,pipeline_state,control,6
dp.rf.rf[5][17]$_DFFE_PP_,tier0,pipeline_state,control,6
dp.rf.rf[5][18]$_DFFE_PP_,tier0,pipeline_state,control,6
dp.rf.rf[5][19]$_DFFE_PP_,tier0,pipeline_state,control,6
dp.rf.rf[5][1]$_DFFE_PP_,tier1,execute_alu,datapath,6
dp.rf.rf[5][20]$_DFFE_PP_,tier0,pipeline_state,control,6
dp.rf.rf[5][21]$_DFFE_PP_,tier0,pipeline_state,control,6
dp.rf.rf[5][22]$_DFFE_PP_,tier0,pipeline_state,control,6
dp.rf.rf[5][23]$_DFFE_PP_,tier0,pipeline_state,control,6
dp.rf.rf[5][24]$_DFFE_PP_,tier0,pipeline_state,control,6
dp.rf.rf[5][25]$_DFFE_PP_,tier0,pipeline_state,control,6
dp.rf.rf[5][26]$_DFFE_PP_,tier0,pipeline_state,control,6
dp.rf.rf[5][27]$_DFFE_PP_,tier0,pipeline_state,control,6
dp.rf.rf[5][28]$_DFFE_PP_,tier0,pipeline_state,control,6
dp.rf.rf[5][29]$_DFFE_PP_,tier0,pipeline_state,control,6
dp.rf.rf[5][2]$_DFFE_PP_,tier1,execute_alu,datapath,6
dp.rf.rf[5][30]$_DFFE_PP_,tier0,pipeline_state,control,6
dp.rf.rf[5][31]$_DFFE_PP_,tier0,pipeline_state,control,6
dp.rf.rf[5][3]$_DFFE_PP_,tier0,pipeline_state,control,6
dp.rf.rf[5][4]$_DFFE_PP_,tier1,execute_alu,datapath,6
dp.rf.rf[5][5]$_DFFE_PP_,tier0,pipeline_state,control,6
dp.rf.rf[5][6]$_DFFE_PP_,tier0,pipeline_state,control,6
dp.rf.rf[5][7]$_DFFE_PP_,tier0,execute_alu,datapath,6
dp.rf.rf[5][8]$_DFFE_PP_,tier0,pipeline_state,control,6
dp.rf.rf[5][9]$_DFFE_PP_,tier1,pipeline_state,control,6
dp.rf.rf[6][0]$_DFFE_PP_,tier1,pipeline_state,control,6
dp.rf.rf[6][10]$_DFFE_PP_,tier1,pipeline_state,control,6
dp.rf.rf[6][11]$_DFFE_PP_,tier0,pipeline_state,control,6
dp.rf.rf[6][12]$_DFFE_PP_,tier1,pipeline_state,control,6
dp.rf.rf[6][13]$_DFFE_PP_,tier1,pipeline_state,control,6
dp.rf.rf[6][14]$_DFFE_PP_,tier1,pipeline_state,control,6
dp.rf.rf[6][15]$_DFFE_PP_,tier1,pipeline_state,control,6
dp.rf.rf[6][16]$_DFFE_PP_,tier0,pipeline_state,control,6
dp.rf.rf[6][17]$_DFFE_PP_,tier0,pipeline_state,control,6
dp.rf.rf[6][18]$_DFFE_PP_,tier0,pipeline_state,control,6
dp.rf.rf[6][19]$_DFFE_PP_,tier0,pipeline_state,control,6
dp.rf.rf[6][1]$_DFFE_PP_,tier1,execute_alu,datapath,6
dp.rf.rf[6][20]$_DFFE_PP_,tier0,pipeline_state,control,6
dp.rf.rf[6][21]$_DFFE_PP_,tier0,pipeline_state,control,6
dp.rf.rf[6][22]$_DFFE_PP_,tier0,pipeline_state,control,6
dp.rf.rf[6][23]$_DFFE_PP_,tier0,pipeline_state,control,6
dp.rf.rf[6][24]$_DFFE_PP_,tier0,pipeline_state,control,6
dp.rf.rf[6][25]$_DFFE_PP_,tier0,pipeline_state,control,6
dp.rf.rf[6][26]$_DFFE_PP_,tier0,pipeline_state,control,6
dp.rf.rf[6][27]$_DFFE_PP_,tier0,pipeline_state,control,6
dp.rf.rf[6][28]$_DFFE_PP_,tier0,pipeline_state,control,6
dp.rf.rf[6][29]$_DFFE_PP_,tier0,pipeline_state,control,6
dp.rf.rf[6][2]$_DFFE_PP_,tier1,execute_alu,datapath,6
dp.rf.rf[6][30]$_DFFE_PP_,tier0,pipeline_state,control,6
dp.rf.rf[6][31]$_DFFE_PP_,tier0,pipeline_state,control,6
dp.rf.rf[6][3]$_DFFE_PP_,tier0,pipeline_state,control,6
dp.rf.rf[6][4]$_DFFE_PP_,tier1,execute_alu,datapath,6
dp.rf.rf[6][5]$_DFFE_PP_,tier0,pipeline_state,control,6
dp.rf.rf[6][6]$_DFFE_PP_,tier0,pipeline_state,control,6
dp.rf.rf[6][7]$_DFFE_PP_,tier0,execute_alu,datapath,6
dp.rf.rf[6][8]$_DFFE_PP_,tier0,pipeline_state,control,6
dp.rf.rf[6][9]$_DFFE_PP_,tier1,pipeline_state,control,6
dp.rf.rf[7][0]$_DFFE_PP_,tier1,pipeline_state,control,6
dp.rf.rf[7][10]$_DFFE_PP_,tier1,pipeline_state,control,6
dp.rf.rf[7][11]$_DFFE_PP_,tier0,pipeline_state,control,6
dp.rf.rf[7][12]$_DFFE_PP_,tier1,pipeline_state,control,6
dp.rf.rf[7][13]$_DFFE_PP_,tier1,pipeline_state,control,6
dp.rf.rf[7][14]$_DFFE_PP_,tier1,pipeline_state,control,6
dp.rf.rf[7][15]$_DFFE_PP_,tier1,pipeline_state,control,6
dp.rf.rf[7][16]$_DFFE_PP_,tier0,pipeline_state,control,6
dp.rf.rf[7][17]$_DFFE_PP_,tier0,pipeline_state,control,6
dp.rf.rf[7][18]$_DFFE_PP_,tier0,pipeline_state,control,6
dp.rf.rf[7][19]$_DFFE_PP_,tier0,pipeline_state,control,6
dp.rf.rf[7][1]$_DFFE_PP_,tier1,execute_alu,datapath,6
dp.rf.rf[7][20]$_DFFE_PP_,tier0,pipeline_state,control,6
dp.rf.rf[7][21]$_DFFE_PP_,tier0,pipeline_state,control,6
dp.rf.rf[7][22]$_DFFE_PP_,tier0,pipeline_state,control,6
dp.rf.rf[7][23]$_DFFE_PP_,tier0,pipeline_state,control,6
dp.rf.rf[7][24]$_DFFE_PP_,tier0,pipeline_state,control,6
dp.rf.rf[7][25]$_DFFE_PP_,tier0,pipeline_state,control,6
dp.rf.rf[7][26]$_DFFE_PP_,tier0,pipeline_state,control,6
dp.rf.rf[7][27]$_DFFE_PP_,tier0,pipeline_state,control,6
dp.rf.rf[7][28]$_DFFE_PP_,tier0,pipeline_state,control,6
dp.rf.rf[7][29]$_DFFE_PP_,tier0,pipeline_state,control,6
dp.rf.rf[7][2]$_DFFE_PP_,tier1,execute_alu,datapath,6
dp.rf.rf[7][30]$_DFFE_PP_,tier0,pipeline_state,control,6
dp.rf.rf[7][31]$_DFFE_PP_,tier0,pipeline_state,control,6
dp.rf.rf[7][3]$_DFFE_PP_,tier0,pipeline_state,control,6
dp.rf.rf[7][4]$_DFFE_PP_,tier1,execute_alu,datapath,6
dp.rf.rf[7][5]$_DFFE_PP_,tier0,pipeline_state,control,6
dp.rf.rf[7][6]$_DFFE_PP_,tier0,pipeline_state,control,6
dp.rf.rf[7][7]$_DFFE_PP_,tier0,execute_alu,datapath,6
dp.rf.rf[7][8]$_DFFE_PP_,tier0,pipeline_state,control,6
dp.rf.rf[7][9]$_DFFE_PP_,tier1,pipeline_state,control,6
dp.rf.rf[8][0]$_DFFE_PP_,tier1,pipeline_state,control,6
dp.rf.rf[8][10]$_DFFE_PP_,tier1,pipeline_state,control,6
dp.rf.rf[8][11]$_DFFE_PP_,tier0,pipeline_state,control,6
dp.rf.rf[8][12]$_DFFE_PP_,tier1,pipeline_state,control,6
dp.rf.rf[8][13]$_DFFE_PP_,tier1,pipeline_state,control,6
dp.rf.rf[8][14]$_DFFE_PP_,tier1,pipeline_state,control,6
dp.rf.rf[8][15]$_DFFE_PP_,tier1,pipeline_state,control,6
dp.rf.rf[8][16]$_DFFE_PP_,tier0,pipeline_state,control,6
dp.rf.rf[8][17]$_DFFE_PP_,tier0,pipeline_state,control,6
dp.rf.rf[8][18]$_DFFE_PP_,tier0,pipeline_state,control,6
dp.rf.rf[8][19]$_DFFE_PP_,tier0,pipeline_state,control,6
dp.rf.rf[8][1]$_DFFE_PP_,tier1,execute_alu,datapath,6
dp.rf.rf[8][20]$_DFFE_PP_,tier0,pipeline_state,control,6
dp.rf.rf[8][21]$_DFFE_PP_,tier0,pipeline_state,control,6
dp.rf.rf[8][22]$_DFFE_PP_,tier0,pipeline_state,control,6
dp.rf.rf[8][23]$_DFFE_PP_,tier0,pipeline_state,control,6
dp.rf.rf[8][24]$_DFFE_PP_,tier0,pipeline_state,control,6
dp.rf.rf[8][25]$_DFFE_PP_,tier0,pipeline_state,control,6
dp.rf.rf[8][26]$_DFFE_PP_,tier0,pipeline_state,control,6
dp.rf.rf[8][27]$_DFFE_PP_,tier0,pipeline_state,control,6
dp.rf.rf[8][28]$_DFFE_PP_,tier0,pipeline_state,control,6
dp.rf.rf[8][29]$_DFFE_PP_,tier0,pipeline_state,control,6
dp.rf.rf[8][2]$_DFFE_PP_,tier1,execute_alu,datapath,6
dp.rf.rf[8][30]$_DFFE_PP_,tier0,pipeline_state,control,6
dp.rf.rf[8][31]$_DFFE_PP_,tier0,pipeline_state,control,6
dp.rf.rf[8][3]$_DFFE_PP_,tier0,pipeline_state,control,6
dp.rf.rf[8][4]$_DFFE_PP_,tier1,execute_alu,datapath,6
dp.rf.rf[8][5]$_DFFE_PP_,tier0,pipeline_state,control,6
dp.rf.rf[8][6]$_DFFE_PP_,tier0,pipeline_state,control,6
dp.rf.rf[8][7]$_DFFE_PP_,tier0,execute_alu,datapath,6
dp.rf.rf[8][8]$_DFFE_PP_,tier0,pipeline_state,control,6
dp.rf.rf[8][9]$_DFFE_PP_,tier1,pipeline_state,control,6
dp.rf.rf[9][0]$_DFFE_PP_,tier1,pipeline_state,control,6
dp.rf.rf[9][10]$_DFFE_PP_,tier1,pipeline_state,control,6
dp.rf.rf[9][11]$_DFFE_PP_,tier0,pipeline_state,control,6
dp.rf.rf[9][12]$_DFFE_PP_,tier1,pipeline_state,control,6
dp.rf.rf[9][13]$_DFFE_PP_,tier1,pipeline_state,control,6
dp.rf.rf[9][14]$_DFFE_PP_,tier1,pipeline_state,control,6
dp.rf.rf[9][15]$_DFFE_PP_,tier1,pipeline_state,control,6
dp.rf.rf[9][16]$_DFFE_PP_,tier0,pipeline_state,control,6
dp.rf.rf[9][17]$_DFFE_PP_,tier0,pipeline_state,control,6
dp.rf.rf[9][18]$_DFFE_PP_,tier0,pipeline_state,control,6
dp.rf.rf[9][19]$_DFFE_PP_,tier0,pipeline_state,control,6
dp.rf.rf[9][1]$_DFFE_PP_,tier1,execute_alu,datapath,6
dp.rf.rf[9][20]$_DFFE_PP_,tier0,pipeline_state,control,6
dp.rf.rf[9][21]$_DFFE_PP_,tier0,pipeline_state,control,6
dp.rf.rf[9][22]$_DFFE_PP_,tier0,pipeline_state,control,6
dp.rf.rf[9][23]$_DFFE_PP_,tier0,pipeline_state,control,6
dp.rf.rf[9][24]$_DFFE_PP_,tier0,pipeline_state,control,6
dp.rf.rf[9][25]$_DFFE_PP_,tier0,pipeline_state,control,6
dp.rf.rf[9][26]$_DFFE_PP_,tier0,pipeline_state,control,6
dp.rf.rf[9][27]$_DFFE_PP_,tier0,pipeline_state,control,6
dp.rf.rf[9][28]$_DFFE_PP_,tier0,pipeline_state,control,6
dp.rf.rf[9][29]$_DFFE_PP_,tier0,pipeline_state,control,6
dp.rf.rf[9][2]$_DFFE_PP_,tier1,execute_alu,datapath,6
dp.rf.rf[9][30]$_DFFE_PP_,tier0,pipeline_state,control,6
dp.rf.rf[9][31]$_DFFE_PP_,tier0,pipeline_state,control,6
dp.rf.rf[9][3]$_DFFE_PP_,tier0,pipeline_state,control,6
dp.rf.rf[9][4]$_DFFE_PP_,tier1,execute_alu,datapath,6
dp.rf.rf[9][5]$_DFFE_PP_,tier0,pipeline_state,control,6
dp.rf.rf[9][6]$_DFFE_PP_,tier0,pipeline_state,control,6
dp.rf.rf[9][7]$_DFFE_PP_,tier0,execute_alu,datapath,6
dp.rf.rf[9][8]$_DFFE_PP_,tier0,pipeline_state,control,6
dp.rf.rf[9][9]$_DFFE_PP_,tier1,pipeline_state,control,6
input33,tier1,fetch,control,3
input34,tier1,fetch,control,3
input35,tier1,fetch,control,3
input36,tier1,fetch,control,3
input37,tier1,fetch,control,3
input38,tier1,fetch,control,3
input39,tier1,fetch,control,3
input40,tier0,fetch,control,3
input41,tier0,fetch,control,3
input42,tier1,fetch,control,3
input43,tier1,fetch,control,3
input44,tier1,fetch,control,3
input45,tier1,fetch,control,3
input46,tier1,fetch,control,3
input47,tier1,fetch,control,3
input48,tier1,fetch,control,3
input49,tier1,fetch,control,3
input50,tier1,fetch,control,3
input51,tier1,fetch,control,3
input52,tier1,fetch,control,3
input53,tier1,fetch,control,3
input54,tier1,fetch,control,3
input55,tier1,fetch,control,3
input56,tier1,fetch,control,3
input57,tier1,fetch,control,3
input58,tier1,fetch,control,3
input59,tier1,fetch,control,3
input60,tier1,fetch,control,3
input61,tier1,fetch,control,3
input62,tier1,fetch,control,3
input63,tier1,fetch,control,3
input64,tier1,fetch,control,3
input65,tier1,generated_control,infrastructure,3
input66,tier1,generated_control,infrastructure,3
input67,tier1,generated_control,infrastructure,3
input68,tier1,generated_control,infrastructure,3
input69,tier1,generated_control,infrastructure,3
input70,tier1,generated_control,infrastructure,3
input71,tier1,generated_control,infrastructure,3
input72,tier1,generated_control,infrastructure,3
input73,tier1,generated_control,infrastructure,3
input74,tier1,generated_control,infrastructure,3
input75,tier1,generated_control,infrastructure,3
input76,tier1,generated_control,infrastructure,3
input77,tier1,generated_control,infrastructure,3
input78,tier1,generated_control,infrastructure,3
input79,tier1,generated_control,infrastructure,3
input80,tier1,generated_control,infrastructure,3
input81,tier1,generated_control,infrastructure,3
input82,tier1,generated_control,infrastructure,3
input83,tier1,generated_control,infrastructure,3
input84,tier1,generated_control,infrastructure,3
input85,tier1,generated_control,infrastructure,3
input86,tier1,generated_control,infrastructure,3
input87,tier1,generated_control,infrastructure,3
input88,tier1,generated_control,infrastructure,3
input89,tier1,generated_control,infrastructure,3
input90,tier1,generated_control,infrastructure,3
input91,tier1,generated_control,infrastructure,3
input92,tier1,generated_control,infrastructure,3
input93,tier1,generated_control,infrastructure,3
input94,tier1,generated_control,infrastructure,3
input95,tier1,generated_control,infrastructure,3
input96,tier1,generated_control,infrastructure,3
input97,tier1,clock_reset,control,3
output100,tier1,generated_control,infrastructure,3
output101,tier1,generated_control,infrastructure,3
output102,tier1,generated_control,infrastructure,3
output103,tier1,generated_control,infrastructure,3
output104,tier1,generated_control,infrastructure,3
output105,tier1,generated_control,infrastructure,3
output106,tier1,generated_control,infrastructure,3
output107,tier1,unclassified,infrastructure,3
output108,tier1,clock_reset,control,3
output109,tier1,generated_control,infrastructure,3
output110,tier1,generated_control,infrastructure,3
output111,tier1,generated_control,infrastructure,3
output112,tier1,generated_control,infrastructure,3
output113,tier1,clock_reset,control,3
output114,tier1,generated_control,infrastructure,3
output115,tier1,generated_control,infrastructure,3
output116,tier1,generated_control,infrastructure,3
output117,tier1,generated_control,infrastructure,3
output118,tier1,generated_control,infrastructure,3
output119,tier1,unclassified,infrastructure,3
output120,tier1,generated_control,infrastructure,3
output121,tier1,generated_control,infrastructure,3
output122,tier1,clock_reset,control,3
output123,tier1,generated_control,infrastructure,3
output124,tier1,generated_control,infrastructure,3
output125,tier1,generated_control,infrastructure,3
output126,tier1,generated_control,infrastructure,3
output127,tier1,generated_control,infrastructure,3
output128,tier1,clock_reset,control,3
output129,tier1,generated_control,infrastructure,3
output130,tier1,generated_control,infrastructure,3
output131,tier1,generated_control,infrastructure,3
output132,tier1,generated_control,infrastructure,3
output133,tier1,generated_control,infrastructure,3
output134,tier1,generated_control,infrastructure,3
output135,tier1,generated_control,infrastructure,3
output136,tier1,generated_control,infrastructure,3
output137,tier1,generated_control,infrastructure,3
output138,tier1,generated_control,infrastructure,3
output139,tier1,generated_control,infrastructure,3
output140,tier1,generated_control,infrastructure,3
output141,tier1,generated_control,infrastructure,3
output142,tier1,generated_control,infrastructure,3
output143,tier1,generated_control,infrastructure,3
output144,tier1,generated_control,infrastructure,3
output145,tier1,generated_control,infrastructure,3
output146,tier1,generated_control,infrastructure,3
output147,tier1,generated_control,infrastructure,3
output148,tier1,generated_control,infrastructure,3
output149,tier1,generated_control,infrastructure,3
output150,tier1,generated_control,infrastructure,3
output151,tier1,generated_control,infrastructure,3
output152,tier1,generated_control,infrastructure,3
output153,tier1,generated_control,infrastructure,3
output154,tier1,generated_control,infrastructure,3
output155,tier1,generated_control,infrastructure,3
output156,tier1,generated_control,infrastructure,3
output157,tier1,generated_control,infrastructure,3
output158,tier1,generated_control,infrastructure,3
output159,tier1,generated_control,infrastructure,3
output160,tier1,generated_control,infrastructure,3
output161,tier1,generated_control,infrastructure,3
output162,tier1,generated_control,infrastructure,3
output163,tier1,generated_control,infrastructure,3
output164,tier1,generated_control,infrastructure,3
output165,tier1,generated_control,infrastructure,3
output166,tier1,generated_control,infrastructure,3
output167,tier1,generated_control,infrastructure,3
output168,tier1,generated_control,infrastructure,3
output169,tier1,generated_control,infrastructure,3
output170,tier1,generated_control,infrastructure,3
output171,tier1,generated_control,infrastructure,3
output172,tier1,generated_control,infrastructure,3
output173,tier1,generated_control,infrastructure,3
output174,tier1,generated_control,infrastructure,3
output175,tier1,generated_control,infrastructure,3
output176,tier1,generated_control,infrastructure,3
output177,tier1,generated_control,infrastructure,3
output178,tier1,generated_control,infrastructure,3
output179,tier1,generated_control,infrastructure,3
output180,tier1,generated_control,infrastructure,3
output181,tier1,generated_control,infrastructure,3
output182,tier1,generated_control,infrastructure,3
output183,tier1,generated_control,infrastructure,3
output184,tier1,generated_control,infrastructure,3
output185,tier1,generated_control,infrastructure,3
output186,tier1,generated_control,infrastructure,3
output187,tier1,generated_control,infrastructure,3
output188,tier1,generated_control,infrastructure,3
output189,tier1,generated_control,infrastructure,3
output190,tier1,generated_control,infrastructure,3
output191,tier1,generated_control,infrastructure,3
output192,tier1,generated_control,infrastructure,3
output193,tier1,generated_control,infrastructure,3
output194,tier1,generated_control,infrastructure,3
output195,tier1,generated_control,infrastructure,3
output196,tier1,generated_control,infrastructure,3
output98,tier1,generated_control,infrastructure,3
output99,tier1,generated_control,infrastructure,3
place1000,tier1,generated_control,infrastructure,3
place1001,tier1,generated_control,infrastructure,3
place1002,tier1,generated_control,infrastructure,3
place1003,tier0,execute_alu,datapath,3
place1004,tier1,execute_alu,datapath,3
place1005,tier1,execute_alu,datapath,3
place1006,tier1,execute_alu,datapath,3
place1007,tier0,execute_alu,datapath,3
place1008,tier1,execute_alu,datapath,3
place1009,tier1,generated_control,infrastructure,3
place1010,tier1,generated_control,infrastructure,3
place1011,tier1,generated_control,infrastructure,3
place1012,tier1,generated_control,infrastructure,3
place1013,tier1,generated_control,infrastructure,3
place1014,tier1,generated_control,infrastructure,3
place1015,tier1,generated_control,infrastructure,3
place1016,tier0,execute_alu,datapath,3
place1017,tier1,generated_control,infrastructure,3
place1018,tier1,generated_control,infrastructure,3
place1019,tier1,generated_control,infrastructure,3
place1020,tier1,generated_control,infrastructure,3
place1021,tier1,generated_control,infrastructure,3
place1022,tier1,generated_control,infrastructure,3
place1023,tier0,execute_alu,datapath,3
place1024,tier0,execute_alu,datapath,3
place1025,tier1,execute_alu,datapath,3
place1026,tier0,execute_alu,datapath,3
place1027,tier1,execute_alu,datapath,3
place1028,tier1,generated_control,infrastructure,3
place1029,tier1,generated_control,infrastructure,3
place1030,tier1,generated_control,infrastructure,3
place1031,tier1,generated_control,infrastructure,3
place1032,tier1,generated_control,infrastructure,3
place1033,tier1,generated_control,infrastructure,3
place1034,tier1,generated_control,infrastructure,3
place1035,tier1,generated_control,infrastructure,3
place1036,tier1,generated_control,infrastructure,3
place1037,tier1,generated_control,infrastructure,3
place1038,tier1,generated_control,infrastructure,3
place1039,tier1,generated_control,infrastructure,3
place1040,tier1,generated_control,infrastructure,3
place1041,tier1,generated_control,infrastructure,3
place1042,tier1,generated_control,infrastructure,3
place1043,tier1,generated_control,infrastructure,3
place1044,tier1,generated_control,infrastructure,3
place1045,tier1,generated_control,infrastructure,3
place1047,tier1,generated_control,infrastructure,3
place1048,tier1,generated_control,infrastructure,3
place1049,tier1,execute_alu,datapath,3
place1051,tier1,generated_control,infrastructure,3
place1052,tier1,generated_control,infrastructure,3
place1053,tier1,generated_control,infrastructure,3
place1054,tier1,generated_control,infrastructure,3
place1055,tier1,generated_control,infrastructure,3
place1057,tier1,generated_control,infrastructure,3
place1058,tier1,generated_control,infrastructure,3
place1059,tier1,generated_control,infrastructure,3
place1060,tier1,generated_control,infrastructure,3
place1062,tier1,generated_control,infrastructure,3
place1063,tier1,generated_control,infrastructure,3
place1064,tier1,generated_control,infrastructure,3
place1065,tier1,generated_control,infrastructure,3
place1066,tier1,generated_control,infrastructure,3
place1067,tier1,generated_control,infrastructure,3
place1068,tier1,generated_control,infrastructure,3
place1069,tier1,generated_control,infrastructure,3
place1070,tier1,generated_control,infrastructure,3
place1071,tier1,generated_control,infrastructure,3
place1072,tier1,generated_control,infrastructure,3
place1073,tier1,generated_control,infrastructure,3
place1075,tier1,generated_control,infrastructure,3
place1076,tier1,generated_control,infrastructure,3
place1077,tier1,generated_control,infrastructure,3
place1079,tier1,generated_control,infrastructure,3
place1080,tier1,generated_control,infrastructure,3
place1081,tier1,generated_control,infrastructure,3
place1082,tier1,generated_control,infrastructure,3
place1083,tier1,generated_control,infrastructure,3
place1084,tier1,generated_control,infrastructure,3
place1085,tier1,generated_control,infrastructure,3
place1086,tier1,generated_control,infrastructure,3
place1087,tier1,generated_control,infrastructure,3
place1088,tier1,generated_control,infrastructure,3
place1089,tier1,generated_control,infrastructure,3
place1090,tier1,generated_control,infrastructure,3
place1091,tier1,generated_control,infrastructure,3
place1092,tier1,generated_control,infrastructure,3
place1094,tier1,generated_control,infrastructure,3
place1095,tier1,generated_control,infrastructure,3
place1096,tier1,generated_control,infrastructure,3
place1097,tier1,generated_control,infrastructure,3
place1098,tier1,generated_control,infrastructure,3
place1099,tier1,generated_control,infrastructure,3
place1100,tier1,generated_control,infrastructure,3
place1101,tier1,generated_control,infrastructure,3
place1103,tier1,generated_control,infrastructure,3
place1104,tier1,generated_control,infrastructure,3
place1105,tier1,generated_control,infrastructure,3
place1106,tier1,generated_control,infrastructure,3
place1107,tier1,generated_control,infrastructure,3
place1108,tier1,generated_control,infrastructure,3
place1109,tier1,generated_control,infrastructure,3
place1110,tier1,generated_control,infrastructure,3
place1111,tier1,generated_control,infrastructure,3
place1112,tier1,generated_control,infrastructure,3
place1113,tier1,generated_control,infrastructure,3
place1114,tier1,generated_control,infrastructure,3
place1115,tier1,generated_control,infrastructure,3
place1116,tier1,generated_control,infrastructure,3
place1117,tier1,generated_control,infrastructure,3
place1118,tier1,generated_control,infrastructure,3
place1119,tier1,generated_control,infrastructure,3
place1120,tier1,generated_control,infrastructure,3
place1121,tier1,generated_control,infrastructure,3
place1122,tier1,generated_control,infrastructure,3
place1123,tier1,generated_control,infrastructure,3
place1124,tier1,generated_control,infrastructure,3
place1125,tier1,execute_alu,datapath,3
place1126,tier1,generated_control,infrastructure,3
place1127,tier1,execute_alu,datapath,3
place1128,tier1,execute_alu,datapath,3
place1129,tier1,execute_alu,datapath,3
place1130,tier1,generated_control,infrastructure,3
place1131,tier1,generated_control,infrastructure,3
place1132,tier1,generated_control,infrastructure,3
place1133,tier1,generated_control,infrastructure,3
place1134,tier1,generated_control,infrastructure,3
place1135,tier1,generated_control,infrastructure,3
place1136,tier1,generated_control,infrastructure,3
place1137,tier1,generated_control,infrastructure,3
place1138,tier1,generated_control,infrastructure,3
place1139,tier1,generated_control,infrastructure,3
place1140,tier1,generated_control,infrastructure,3
place1141,tier1,generated_control,infrastructure,3
place1142,tier1,generated_control,infrastructure,3
place1143,tier1,generated_control,infrastructure,3
place1144,tier1,generated_control,infrastructure,3
place1145,tier1,generated_control,infrastructure,3
place1146,tier1,generated_control,infrastructure,3
place1147,tier1,generated_control,infrastructure,3
place1148,tier1,generated_control,infrastructure,3
place1149,tier1,generated_control,infrastructure,3
place1150,tier1,generated_control,infrastructure,3
place1151,tier1,generated_control,infrastructure,3
place1152,tier1,generated_control,infrastructure,3
place1153,tier1,generated_control,infrastructure,3
place1154,tier1,execute_alu,datapath,3
place1155,tier1,generated_control,infrastructure,3
place1156,tier1,execute_alu,datapath,3
place1157,tier1,execute_alu,datapath,3
place1158,tier1,generated_control,infrastructure,3
place1159,tier1,generated_control,infrastructure,3
place1160,tier1,generated_control,infrastructure,3
place1161,tier1,generated_control,infrastructure,3
place1162,tier1,generated_control,infrastructure,3
place1163,tier1,execute_alu,datapath,3
place1164,tier1,generated_control,infrastructure,3
place1165,tier1,generated_control,infrastructure,3
place1166,tier1,generated_control,infrastructure,3
place1167,tier1,generated_control,infrastructure,3
place1168,tier1,generated_control,infrastructure,3
place1169,tier1,generated_control,infrastructure,3
place1170,tier1,generated_control,infrastructure,3
place1171,tier1,generated_control,infrastructure,3
place1172,tier1,generated_control,infrastructure,3
place1173,tier1,generated_control,infrastructure,3
place1174,tier1,generated_control,infrastructure,3
place1175,tier1,generated_control,infrastructure,3
place1176,tier1,generated_control,infrastructure,3
place1177,tier1,generated_control,infrastructure,3
place1178,tier1,generated_control,infrastructure,3
place1179,tier1,generated_control,infrastructure,3
place1180,tier1,generated_control,infrastructure,3
place1181,tier1,generated_control,infrastructure,3
place1182,tier1,generated_control,infrastructure,3
place1183,tier1,generated_control,infrastructure,3
place1184,tier1,generated_control,infrastructure,3
place1185,tier1,generated_control,infrastructure,3
place1186,tier1,generated_control,infrastructure,3
place1187,tier1,generated_control,infrastructure,3
place1188,tier1,execute_alu,datapath,3
place1189,tier1,execute_alu,datapath,3
place1190,tier1,execute_alu,datapath,3
place1191,tier1,execute_alu,datapath,3
place1192,tier1,execute_alu,datapath,3
place1193,tier1,execute_alu,datapath,3
place1194,tier1,execute_alu,datapath,3
place1195,tier1,execute_alu,datapath,3
place1196,tier1,execute_alu,datapath,3
place1197,tier1,execute_alu,datapath,3
place1198,tier1,execute_alu,datapath,3
place1199,tier1,execute_alu,datapath,3
place1200,tier1,execute_alu,datapath,3
place1201,tier1,execute_alu,datapath,3
place1202,tier1,execute_alu,datapath,3
place1203,tier1,execute_alu,datapath,3
place1204,tier1,execute_alu,datapath,3
place1205,tier1,execute_alu,datapath,3
place1206,tier1,execute_alu,datapath,3
place1207,tier1,execute_alu,datapath,3
place1208,tier1,execute_alu,datapath,3
place1209,tier1,generated_control,infrastructure,3
place1210,tier1,generated_control,infrastructure,3
place1211,tier1,execute_alu,datapath,3
place1212,tier1,generated_control,infrastructure,3
place1213,tier1,execute_alu,datapath,3
place1214,tier1,generated_control,infrastructure,3
place1215,tier1,generated_control,infrastructure,3
place1216,tier1,generated_control,infrastructure,3
place1217,tier1,generated_control,infrastructure,3
place1218,tier1,generated_control,infrastructure,3
place1219,tier1,generated_control,infrastructure,3
place1220,tier1,generated_control,infrastructure,3
place1221,tier1,generated_control,infrastructure,3
place1222,tier1,generated_control,infrastructure,3
place1223,tier1,generated_control,infrastructure,3
place1224,tier1,generated_control,infrastructure,3
place1225,tier1,generated_control,infrastructure,3
place1226,tier1,generated_control,infrastructure,3
place1227,tier1,generated_control,infrastructure,3
place1228,tier1,generated_control,infrastructure,3
place1229,tier1,generated_control,infrastructure,3
place1230,tier1,generated_control,infrastructure,3
place1231,tier1,generated_control,infrastructure,3
place1232,tier1,generated_control,infrastructure,3
place1233,tier1,generated_control,infrastructure,3
place1234,tier1,generated_control,infrastructure,3
place1235,tier1,generated_control,infrastructure,3
place1237,tier1,generated_control,infrastructure,3
place1238,tier1,generated_control,infrastructure,3
place1239,tier1,generated_control,infrastructure,3
place1240,tier1,execute_alu,datapath,3
place1241,tier1,execute_alu,datapath,3
place1242,tier1,execute_alu,datapath,3
place1243,tier1,execute_alu,datapath,3
place1244,tier1,generated_control,infrastructure,3
place1245,tier1,execute_alu,datapath,3
place1246,tier1,generated_control,infrastructure,3
place1247,tier1,generated_control,infrastructure,3
place1248,tier1,execute_alu,datapath,3
place1249,tier1,generated_control,infrastructure,3
place1250,tier1,generated_control,infrastructure,3
place1251,tier1,generated_control,infrastructure,3
place1252,tier1,execute_alu,datapath,3
place1253,tier1,generated_control,infrastructure,3
place1254,tier1,generated_control,infrastructure,3
place1255,tier1,execute_alu,datapath,3
place1256,tier1,execute_alu,datapath,3
place1257,tier1,execute_alu,datapath,3
place1258,tier1,execute_alu,datapath,3
place1259,tier1,execute_alu,datapath,3
place1260,tier1,generated_control,infrastructure,3
place1261,tier1,generated_control,infrastructure,3
place1262,tier1,execute_alu,datapath,3
place1263,tier1,generated_control,infrastructure,3
place1264,tier1,generated_control,infrastructure,3
place1265,tier1,generated_control,infrastructure,3
place1266,tier1,generated_control,infrastructure,3
place1267,tier1,generated_control,infrastructure,3
place1268,tier1,generated_control,infrastructure,3
place1269,tier1,generated_control,infrastructure,3
place1270,tier1,generated_control,infrastructure,3
place1271,tier1,generated_control,infrastructure,3
place1272,tier1,generated_control,infrastructure,3
place1273,tier1,generated_control,infrastructure,3
place1274,tier1,generated_control,infrastructure,3
place1275,tier1,generated_control,infrastructure,3
place1276,tier1,generated_control,infrastructure,3
place1277,tier1,generated_control,infrastructure,3
place1278,tier1,generated_control,infrastructure,3
place1279,tier1,generated_control,infrastructure,3
place1280,tier1,generated_control,infrastructure,3
place1281,tier1,generated_control,infrastructure,3
place1282,tier1,generated_control,infrastructure,3
place1283,tier1,generated_control,infrastructure,3
place1284,tier1,generated_control,infrastructure,3
place1285,tier1,generated_control,infrastructure,3
place1286,tier1,generated_control,infrastructure,3
place1287,tier1,generated_control,infrastructure,3
place1288,tier1,generated_control,infrastructure,3
place1289,tier1,generated_control,infrastructure,3
place1290,tier1,generated_control,infrastructure,3
place1291,tier1,generated_control,infrastructure,3
place1292,tier1,generated_control,infrastructure,3
place1293,tier1,generated_control,infrastructure,3
place1294,tier1,execute_alu,datapath,3
place1295,tier1,generated_control,infrastructure,3
place1296,tier1,generated_control,infrastructure,3
place1297,tier1,generated_control,infrastructure,3
place1298,tier1,generated_control,infrastructure,3
place1299,tier1,generated_control,infrastructure,3
place1300,tier1,generated_control,infrastructure,3
place1301,tier1,generated_control,infrastructure,3
place1302,tier1,generated_control,infrastructure,3
place1303,tier1,generated_control,infrastructure,3
place1304,tier1,generated_control,infrastructure,3
place1305,tier1,generated_control,infrastructure,3
place1306,tier1,generated_control,infrastructure,3
place1307,tier1,generated_control,infrastructure,3
place1308,tier1,generated_control,infrastructure,3
place1309,tier1,execute_alu,datapath,3
place1310,tier1,generated_control,infrastructure,3
place1311,tier1,generated_control,infrastructure,3
place1312,tier1,generated_control,infrastructure,3
place1313,tier1,generated_control,infrastructure,3
place1314,tier1,generated_control,infrastructure,3
place1315,tier0,generated_control,infrastructure,3
place1316,tier1,generated_control,infrastructure,3
place1317,tier0,generated_control,infrastructure,3
place1318,tier1,generated_control,infrastructure,3
place1319,tier0,generated_control,infrastructure,3
place1320,tier1,generated_control,infrastructure,3
place1321,tier0,generated_control,infrastructure,3
place1322,tier0,generated_control,infrastructure,3
place1323,tier0,generated_control,infrastructure,3
place1324,tier1,execute_alu,datapath,3
place1325,tier1,generated_control,infrastructure,3
place1326,tier1,generated_control,infrastructure,3
place1327,tier1,generated_control,infrastructure,3
place1328,tier1,generated_control,infrastructure,3
place1329,tier1,generated_control,infrastructure,3
place1330,tier1,generated_control,infrastructure,3
place1331,tier1,generated_control,infrastructure,3
place1332,tier1,generated_control,infrastructure,3
place1333,tier1,generated_control,infrastructure,3
place1334,tier0,generated_control,infrastructure,3
place1335,tier1,generated_control,infrastructure,3
place1336,tier1,generated_control,infrastructure,3
place1337,tier1,generated_control,infrastructure,3
place1339,tier1,generated_control,infrastructure,3
place1340,tier1,execute_alu,datapath,3
place1341,tier1,generated_control,infrastructure,3
place1342,tier1,generated_control,infrastructure,3
place1343,tier0,generated_control,infrastructure,3
place1344,tier1,generated_control,infrastructure,3
place1345,tier1,generated_control,infrastructure,3
place1346,tier1,generated_control,infrastructure,3
place1347,tier1,generated_control,infrastructure,3
place1348,tier1,generated_control,infrastructure,3
place1349,tier1,generated_control,infrastructure,3
place1350,tier1,generated_control,infrastructure,3
place1351,tier1,generated_control,infrastructure,3
place1352,tier1,generated_control,infrastructure,3
place1353,tier1,generated_control,infrastructure,3
place1354,tier1,generated_control,infrastructure,3
place1355,tier1,generated_control,infrastructure,3
place1356,tier1,generated_control,infrastructure,3
place1357,tier1,generated_control,infrastructure,3
place1358,tier1,generated_control,infrastructure,3
place1359,tier1,generated_control,infrastructure,3
place1360,tier1,generated_control,infrastructure,3
place1361,tier1,generated_control,infrastructure,3
place1362,tier1,generated_control,infrastructure,3
place1363,tier1,generated_control,infrastructure,3
place1364,tier1,generated_control,infrastructure,3
place1365,tier1,generated_control,infrastructure,3
place1366,tier0,generated_control,infrastructure,3
place1367,tier1,generated_control,infrastructure,3
place1368,tier1,generated_control,infrastructure,3
place1369,tier0,generated_control,infrastructure,3
place1370,tier1,generated_control,infrastructure,3
place1371,tier0,generated_control,infrastructure,3
place1372,tier0,generated_control,infrastructure,3
place1373,tier1,generated_control,infrastructure,3
place1374,tier0,generated_control,infrastructure,3
place1375,tier1,generated_control,infrastructure,3
place1376,tier0,generated_control,infrastructure,3
place1377,tier1,generated_control,infrastructure,3
place1378,tier1,generated_control,infrastructure,3
place1379,tier1,generated_control,infrastructure,3
place1380,tier1,generated_control,infrastructure,3
place1381,tier1,generated_control,infrastructure,3
place1382,tier0,generated_control,infrastructure,3
place1383,tier1,generated_control,infrastructure,3
place1384,tier1,generated_control,infrastructure,3
place1385,tier1,generated_control,infrastructure,3
place1386,tier1,generated_control,infrastructure,3
place1387,tier1,generated_control,infrastructure,3
place1388,tier1,generated_control,infrastructure,3
place1389,tier1,generated_control,infrastructure,3
place1390,tier1,generated_control,infrastructure,3
place1391,tier1,generated_control,infrastructure,3
place1392,tier0,generated_control,infrastructure,3
place1393,tier1,generated_control,infrastructure,3
place1394,tier1,generated_control,infrastructure,3
place1395,tier1,generated_control,infrastructure,3
place1396,tier0,generated_control,infrastructure,3
place1397,tier1,generated_control,infrastructure,3
place1398,tier1,generated_control,infrastructure,3
place1399,tier1,generated_control,infrastructure,3
place1400,tier1,generated_control,infrastructure,3
place1401,tier1,generated_control,infrastructure,3
place1402,tier0,generated_control,infrastructure,3
place1403,tier1,generated_control,infrastructure,3
place1404,tier1,generated_control,infrastructure,3
place1405,tier1,generated_control,infrastructure,3
place1406,tier1,generated_control,infrastructure,3
place1407,tier1,generated_control,infrastructure,3
place1408,tier1,generated_control,infrastructure,3
place1409,tier0,generated_control,infrastructure,3
place1410,tier1,generated_control,infrastructure,3
place1411,tier1,generated_control,infrastructure,3
place1412,tier0,generated_control,infrastructure,3
place1413,tier1,generated_control,infrastructure,3
place1414,tier0,generated_control,infrastructure,3
place1415,tier1,generated_control,infrastructure,3
place1416,tier1,generated_control,infrastructure,3
place1417,tier0,generated_control,infrastructure,3
place1418,tier1,generated_control,infrastructure,3
place1419,tier0,generated_control,infrastructure,3
place1420,tier1,generated_control,infrastructure,3
place1421,tier0,generated_control,infrastructure,3
place1422,tier1,generated_control,infrastructure,3
place1423,tier0,generated_control,infrastructure,3
place1424,tier1,generated_control,infrastructure,3
place1425,tier0,generated_control,infrastructure,3
place1426,tier0,generated_control,infrastructure,3
place1427,tier0,generated_control,infrastructure,3
place1428,tier1,generated_control,infrastructure,3
place1429,tier0,generated_control,infrastructure,3
place1430,tier1,generated_control,infrastructure,3
place1431,tier1,generated_control,infrastructure,3
place1432,tier1,generated_control,infrastructure,3
place1433,tier1,generated_control,infrastructure,3
place1434,tier1,generated_control,infrastructure,3
place1435,tier1,generated_control,infrastructure,3
place1436,tier1,generated_control,infrastructure,3
place1437,tier1,generated_control,infrastructure,3
place1438,tier1,generated_control,infrastructure,3
place1439,tier0,generated_control,infrastructure,3
place1440,tier0,generated_control,infrastructure,3
place1441,tier1,generated_control,infrastructure,3
place1442,tier1,generated_control,infrastructure,3
place1443,tier1,generated_control,infrastructure,3
place1444,tier0,generated_control,infrastructure,3
place1445,tier1,generated_control,infrastructure,3
place1446,tier1,generated_control,infrastructure,3
place1447,tier1,generated_control,infrastructure,3
place1448,tier1,generated_control,infrastructure,3
place1449,tier1,generated_control,infrastructure,3
place1450,tier1,generated_control,infrastructure,3
place1451,tier0,generated_control,infrastructure,3
place1452,tier1,generated_control,infrastructure,3
place1453,tier1,generated_control,infrastructure,3
place1454,tier1,generated_control,infrastructure,3
place1455,tier1,generated_control,infrastructure,3
place1456,tier1,generated_control,infrastructure,3
place1457,tier1,generated_control,infrastructure,3
place1458,tier1,generated_control,infrastructure,3
place1459,tier1,generated_control,infrastructure,3
place1460,tier1,generated_control,infrastructure,3
place1461,tier1,generated_control,infrastructure,3
place1462,tier1,generated_control,infrastructure,3
place1463,tier0,generated_control,infrastructure,3
place1464,tier0,generated_control,infrastructure,3
place1465,tier0,generated_control,infrastructure,3
place1466,tier0,generated_control,infrastructure,3
place1467,tier1,generated_control,infrastructure,3
place1468,tier1,generated_control,infrastructure,3
place1469,tier1,generated_control,infrastructure,3
place1470,tier0,generated_control,infrastructure,3
place1471,tier0,generated_control,infrastructure,3
place1472,tier0,generated_control,infrastructure,3
place1473,tier1,generated_control,infrastructure,3
place1474,tier0,generated_control,infrastructure,3
place1475,tier0,generated_control,infrastructure,3
place1476,tier0,generated_control,infrastructure,3
place1477,tier0,generated_control,infrastructure,3
place1478,tier0,generated_control,infrastructure,3
place1479,tier0,generated_control,infrastructure,3
place1480,tier0,generated_control,infrastructure,3
place1481,tier1,generated_control,infrastructure,3
place1482,tier1,generated_control,infrastructure,3
place1483,tier0,generated_control,infrastructure,3
place1484,tier0,generated_control,infrastructure,3
place1485,tier0,generated_control,infrastructure,3
place1486,tier0,generated_control,infrastructure,3
place1487,tier0,generated_control,infrastructure,3
place1488,tier0,generated_control,infrastructure,3
place1489,tier0,generated_control,infrastructure,3
place1490,tier1,generated_control,infrastructure,3
place1491,tier0,generated_control,infrastructure,3
place1492,tier0,generated_control,infrastructure,3
place1493,tier0,generated_control,infrastructure,3
place1494,tier0,generated_control,infrastructure,3
place1495,tier0,generated_control,infrastructure,3
place1496,tier0,generated_control,infrastructure,3
place1497,tier0,generated_control,infrastructure,3
place1498,tier0,generated_control,infrastructure,3
place1499,tier1,generated_control,infrastructure,3
place1500,tier1,generated_control,infrastructure,3
place1501,tier0,generated_control,infrastructure,3
place1502,tier0,generated_control,infrastructure,3
place1503,tier0,generated_control,infrastructure,3
place1504,tier0,generated_control,infrastructure,3
place1505,tier1,generated_control,infrastructure,3
place1506,tier1,generated_control,infrastructure,3
place1507,tier1,generated_control,infrastructure,3
place1508,tier1,generated_control,infrastructure,3
place1509,tier0,generated_control,infrastructure,3
place1510,tier0,generated_control,infrastructure,3
place1511,tier0,generated_control,infrastructure,3
place1512,tier1,generated_control,infrastructure,3
place1513,tier1,generated_control,infrastructure,3
place1514,tier1,generated_control,infrastructure,3
place1515,tier1,generated_control,infrastructure,3
place1516,tier0,generated_control,infrastructure,3
place1517,tier0,generated_control,infrastructure,3
place1518,tier1,generated_control,infrastructure,3
place1519,tier1,generated_control,infrastructure,3
place1520,tier0,generated_control,infrastructure,3
place1521,tier0,generated_control,infrastructure,3
place1522,tier0,generated_control,infrastructure,3
place1523,tier0,generated_control,infrastructure,3
place1524,tier0,generated_control,infrastructure,3
place1525,tier1,generated_control,infrastructure,3
place1526,tier0,generated_control,infrastructure,3
place1527,tier0,generated_control,infrastructure,3
place1528,tier0,generated_control,infrastructure,3
place1529,tier0,generated_control,infrastructure,3
place1530,tier1,generated_control,infrastructure,3
place1531,tier0,generated_control,infrastructure,3
place1532,tier1,generated_control,infrastructure,3
place1533,tier0,generated_control,infrastructure,3
place1534,tier0,generated_control,infrastructure,3
place1535,tier0,generated_control,infrastructure,3
place1536,tier0,generated_control,infrastructure,3
place1537,tier0,generated_control,infrastructure,3
place1538,tier0,generated_control,infrastructure,3
place1539,tier0,generated_control,infrastructure,3
place1540,tier0,generated_control,infrastructure,3
place1541,tier0,generated_control,infrastructure,3
place1542,tier1,generated_control,infrastructure,3
place1543,tier1,generated_control,infrastructure,3
place1544,tier1,generated_control,infrastructure,3
place1545,tier1,generated_control,infrastructure,3
place1546,tier0,generated_control,infrastructure,3
place1547,tier1,generated_control,infrastructure,3
place1548,tier1,generated_control,infrastructure,3
place1549,tier0,generated_control,infrastructure,3
place1550,tier0,generated_control,infrastructure,3
place1551,tier0,generated_control,infrastructure,3
place1552,tier1,generated_control,infrastructure,3
place1553,tier0,generated_control,infrastructure,3
place1554,tier0,generated_control,infrastructure,3
place1555,tier0,generated_control,infrastructure,3
place1556,tier1,generated_control,infrastructure,3
place1557,tier1,generated_control,infrastructure,3
place1558,tier1,generated_control,infrastructure,3
place1559,tier0,generated_control,infrastructure,3
place1560,tier0,generated_control,infrastructure,3
place1561,tier0,generated_control,infrastructure,3
place1562,tier0,generated_control,infrastructure,3
place1563,tier0,generated_control,infrastructure,3
place1564,tier1,generated_control,infrastructure,3
place1565,tier0,generated_control,infrastructure,3
place1566,tier1,generated_control,infrastructure,3
place1567,tier0,generated_control,infrastructure,3
place1568,tier0,generated_control,infrastructure,3
place1569,tier1,generated_control,infrastructure,3
place1570,tier1,generated_control,infrastructure,3
place1571,tier1,generated_control,infrastructure,3
place1572,tier0,generated_control,infrastructure,3
place1573,tier0,generated_control,infrastructure,3
place1574,tier0,generated_control,infrastructure,3
place1575,tier1,generated_control,infrastructure,3
place1576,tier1,generated_control,infrastructure,3
place1577,tier0,generated_control,infrastructure,3
place1578,tier0,generated_control,infrastructure,3
place1579,tier0,generated_control,infrastructure,3
place1580,tier0,generated_control,infrastructure,3
place1581,tier0,generated_control,infrastructure,3
place1582,tier0,generated_control,infrastructure,3
place1583,tier0,generated_control,infrastructure,3
place1584,tier0,generated_control,infrastructure,3
place1585,tier1,generated_control,infrastructure,3
place1586,tier0,generated_control,infrastructure,3
place1587,tier0,generated_control,infrastructure,3
place1588,tier0,generated_control,infrastructure,3
place1589,tier1,generated_control,infrastructure,3
place1590,tier1,generated_control,infrastructure,3
place1591,tier1,generated_control,infrastructure,3
place1592,tier0,generated_control,infrastructure,3
place1593,tier0,generated_control,infrastructure,3
place1594,tier1,generated_control,infrastructure,3
place1595,tier1,generated_control,infrastructure,3
place1596,tier0,generated_control,infrastructure,3
place1597,tier0,generated_control,infrastructure,3
place1598,tier0,generated_control,infrastructure,3
place1599,tier0,generated_control,infrastructure,3
place1600,tier0,generated_control,infrastructure,3
place1601,tier0,generated_control,infrastructure,3
place1602,tier1,generated_control,infrastructure,3
place1603,tier0,generated_control,infrastructure,3
place1604,tier1,generated_control,infrastructure,3
place1605,tier1,generated_control,infrastructure,3
place1606,tier1,generated_control,infrastructure,3
place1607,tier1,generated_control,infrastructure,3
place1608,tier1,generated_control,infrastructure,3
place1609,tier1,generated_control,infrastructure,3
place1610,tier0,generated_control,infrastructure,3
place1611,tier1,generated_control,infrastructure,3
place1612,tier1,generated_control,infrastructure,3
place1613,tier0,generated_control,infrastructure,3
place1614,tier0,generated_control,infrastructure,3
place1615,tier1,generated_control,infrastructure,3
place1616,tier0,generated_control,infrastructure,3
place1617,tier1,generated_control,infrastructure,3
place1618,tier1,generated_control,infrastructure,3
place1619,tier1,generated_control,infrastructure,3
place1620,tier0,generated_control,infrastructure,3
place1621,tier0,generated_control,infrastructure,3
place1622,tier0,generated_control,infrastructure,3
place1623,tier1,generated_control,infrastructure,3
place1624,tier1,generated_control,infrastructure,3
place1625,tier0,generated_control,infrastructure,3
place1626,tier0,generated_control,infrastructure,3
place1627,tier0,generated_control,infrastructure,3
place1628,tier1,generated_control,infrastructure,3
place1629,tier0,generated_control,infrastructure,3
place1630,tier0,generated_control,infrastructure,3
place1631,tier0,generated_control,infrastructure,3
place1632,tier0,generated_control,infrastructure,3
place1633,tier0,generated_control,infrastructure,3
place1634,tier1,generated_control,infrastructure,3
place1635,tier1,generated_control,infrastructure,3
place1636,tier1,generated_control,infrastructure,3
place1637,tier1,generated_control,infrastructure,3
place1638,tier0,generated_control,infrastructure,3
place1639,tier1,generated_control,infrastructure,3
place975,tier1,execute_alu,datapath,3
place976,tier0,execute_alu,datapath,3
place977,tier1,execute_alu,datapath,3
place978,tier1,execute_alu,datapath,3
place979,tier1,generated_control,infrastructure,3
place980,tier0,generated_control,infrastructure,3
place981,tier1,execute_alu,datapath,3
place982,tier1,execute_alu,datapath,3
place983,tier0,generated_control,infrastructure,3
place984,tier1,execute_alu,datapath,3
place985,tier0,execute_alu,datapath,3
place986,tier1,generated_control,infrastructure,3
place987,tier1,execute_alu,datapath,3
place988,tier0,generated_control,infrastructure,3
place989,tier1,generated_control,infrastructure,3
place990,tier1,generated_control,infrastructure,3
place991,tier1,execute_alu,datapath,3
place992,tier1,execute_alu,datapath,3
place993,tier0,execute_alu,datapath,3
place994,tier1,generated_control,infrastructure,3
place995,tier1,generated_control,infrastructure,3
place996,tier1,generated_control,infrastructure,3
place997,tier1,generated_control,infrastructure,3
place998,tier1,generated_control,infrastructure,3
place999,tier1,generated_control,infrastructure,3
rebuffer1640,tier1,generated_control,infrastructure,3
rebuffer1642,tier1,generated_control,infrastructure,3
rebuffer1656,tier1,generated_control,infrastructure,3
rebuffer1657,tier1,generated_control,infrastructure,3
rebuffer1658,tier1,generated_control,infrastructure,3
rebuffer1659,tier1,generated_control,infrastructure,3
rebuffer1660,tier1,generated_control,infrastructure,3
rebuffer1661,tier1,generated_control,infrastructure,3
rebuffer1662,tier1,generated_control,infrastructure,3
rebuffer1663,tier1,generated_control,infrastructure,3
rebuffer1665,tier1,generated_control,infrastructure,3
rebuffer1667,tier1,generated_control,infrastructure,3
rebuffer1668,tier1,generated_control,infrastructure,3
rebuffer1669,tier1,generated_control,infrastructure,3
rebuffer1670,tier1,generated_control,infrastructure,3
rebuffer1673,tier1,generated_control,infrastructure,3
rebuffer1674,tier1,generated_control,infrastructure,3
rebuffer1675,tier1,generated_control,infrastructure,3
rebuffer1676,tier1,generated_control,infrastructure,3
rebuffer1761,tier1,generated_control,infrastructure,3
rebuffer1762,tier1,generated_control,infrastructure,3
rebuffer1763,tier1,generated_control,infrastructure,3
rebuffer1764,tier1,generated_control,infrastructure,3
rebuffer1765,tier1,generated_control,infrastructure,3
rebuffer1766,tier1,generated_control,infrastructure,3
rebuffer1767,tier1,generated_control,infrastructure,3
rebuffer1768,tier1,generated_control,infrastructure,3
rebuffer1783,tier1,generated_control,infrastructure,3
rebuffer1784,tier1,generated_control,infrastructure,3
rebuffer1795,tier0,execute_alu,datapath,3
rebuffer1844,tier1,generated_control,infrastructure,3
rebuffer1885,tier1,generated_control,infrastructure,3
rebuffer1886,tier1,generated_control,infrastructure,3
rebuffer1916,tier0,execute_alu,datapath,3
rebuffer2069,tier1,generated_control,infrastructure,3
rebuffer2084,tier1,generated_control,infrastructure,3
rebuffer2223,tier1,generated_control,infrastructure,3
rebuffer2224,tier1,generated_control,infrastructure,3
rebuffer2225,tier1,generated_control,infrastructure,3
rebuffer2226,tier1,generated_control,infrastructure,3
rebuffer2228,tier1,generated_control,infrastructure,3
rebuffer2229,tier1,generated_control,infrastructure,3
rebuffer2230,tier1,generated_control,infrastructure,3
rebuffer2231,tier1,generated_control,infrastructure,3
rebuffer2234,tier1,generated_control,infrastructure,3
rebuffer2235,tier1,generated_control,infrastructure,3
rebuffer2250,tier1,generated_control,infrastructure,3
rebuffer2251,tier1,generated_control,infrastructure,3
rebuffer2252,tier1,generated_control,infrastructure,3
rebuffer2275,tier1,generated_control,infrastructure,3
rebuffer2276,tier1,generated_control,infrastructure,3
rebuffer2300,tier1,generated_control,infrastructure,3
rebuffer2302,tier1,generated_control,infrastructure,3
rebuffer2303,tier1,generated_control,infrastructure,3
rebuffer2304,tier1,generated_control,infrastructure,3
rebuffer2330,tier1,generated_control,infrastructure,3
rebuffer2332,tier1,execute_alu,datapath,3
rebuffer2333,tier1,generated_control,infrastructure,3
rebuffer2334,tier1,generated_control,infrastructure,3
rebuffer2448,tier1,generated_control,infrastructure,3
rebuffer2449,tier0,execute_alu,datapath,3
rebuffer2450,tier0,execute_alu,datapath,3
rebuffer2573,tier0,execute_alu,datapath,3
rebuffer2574,tier1,generated_control,infrastructure,3
rebuffer2576,tier1,generated_control,infrastructure,3
rebuffer2577,tier1,generated_control,infrastructure,3
rebuffer2578,tier1,generated_control,infrastructure,3
rebuffer2579,tier1,generated_control,infrastructure,3
rebuffer2621,tier1,generated_control,infrastructure,3
